57 1 -42 0 0 1
57 1 42 0 0 -1
57 2 -42 0 0 1
57 2 42 0 0 -1
57 3 -42 0 0 1
57 3 42 0 0 -1
57 4 -42 0 0 1
57 4 42 0 0 -1
57 5 -42 0 0 1
57 5 42 0 0 -1
57 6 -42 0 0 1
57 6 42 0 0 -1
57 7 -42 0 0 1
57 7 42 0 0 -1
57 8 -42 0 0 1
57 8 42 0 0 -1
57 9 -42 0 0 1
57 9 42 0 0 -1
57 10 -42 0 -1 1
57 10 -41 0 0 1
57 10 41 0 0 -1
57 10 42 0 -1 -1
57 11 -41 0 0 1
57 11 41 0 0 -1
57 12 -41 0 0 1
57 12 41 0 0 -1
57 13 -41 0 -1 1
57 13 -40 0 0 1
57 13 40 0 0 -1
57 13 41 0 -1 -1
57 14 -40 0 0 1
57 14 40 0 0 -1
57 15 -40 0 0 1
57 15 40 0 0 -1
57 16 -40 0 -1 1
57 16 -39 0 0 1
57 16 39 0 0 -1
57 16 40 0 -1 -1
57 17 -39 0 -1 1
57 17 39 0 -1 -1
57 18 -39 0 -1 1
57 18 -38 0 -1 1
57 18 38 0 -1 -1
57 18 39 0 -1 -1
57 19 -38 0 -1 1
57 19 38 0 -1 -1
57 20 -38 0 -1 1
57 20 -37 0 -1 1
57 20 37 0 -1 -1
57 20 38 0 -1 -1
57 21 -37 0 -1 1
57 21 37 0 -1 -1
57 22 -37 0 -1 1
57 22 -36 0 -1 1
57 22 36 0 -1 -1
57 22 37 0 -1 -1
57 23 -36 0 -1 1
57 23 36 0 -1 -1
57 24 -36 0 -1 1
57 24 -35 0 -1 1
57 24 35 0 -1 -1
57 24 36 0 -1 -1
57 25 -35 0 -1 1
57 25 -34 0 -1 1
57 25 34 0 -1 -1
57 25 35 0 -1 -1
57 26 -34 0 -1 1
57 26 -33 0 -1 1
57 26 33 0 -1 -1
57 26 34 0 -1 -1
57 27 -33 0 -1 1
57 27 33 0 -1 -1
57 28 -33 0 -1 1
57 28 -32 0 -1 1
57 28 32 0 -1 -1
57 28 33 0 -1 -1
57 29 -32 0 -1 1
57 29 -31 0 -1 1
57 29 31 0 -1 -1
57 29 32 0 -1 -1
57 30 -31 0 -1 1
57 30 -30 0 -1 1
57 30 30 0 -1 -1
57 30 31 0 -1 -1
57 31 -30 0 -1 1
57 31 -29 0 -1 1
57 31 29 0 -1 -1
57 31 30 0 -1 -1
57 32 -29 0 -1 1
57 32 -28 0 -1 1
57 32 28 0 -1 -1
57 32 29 0 -1 -1
57 33 -28 0 -1 1
57 33 -27 0 -1 1
57 33 -26 0 -1 1
57 33 26 0 -1 -1
57 33 27 0 -1 -1
57 33 28 0 -1 -1
57 34 -26 0 -1 1
57 34 -25 0 -1 1
57 34 25 0 -1 -1
57 34 26 0 -1 -1
57 35 -25 0 -1 1
57 35 -24 0 -1 1
57 35 24 0 -1 -1
57 35 25 0 -1 -1
57 36 -24 0 -1 1
57 36 -23 0 -1 1
57 36 -22 0 -1 1
57 36 22 0 -1 -1
57 36 23 0 -1 -1
57 36 24 0 -1 -1
57 37 -22 0 -1 1
57 37 -21 0 -1 1
57 37 -20 0 -1 1
57 37 20 0 -1 -1
57 37 21 0 -1 -1
57 37 22 0 -1 -1
57 38 -20 0 -1 1
57 38 -19 0 -1 1
57 38 -18 0 -1 1
57 38 18 0 -1 -1
57 38 19 0 -1 -1
57 38 20 0 -1 -1
57 39 -18 0 -1 1
57 39 -17 0 -1 1
57 39 -16 0 -1 0
57 39 16 0 -1 0
57 39 17 0 -1 -1
57 39 18 0 -1 -1
57 40 -16 0 -1 1
57 40 -15 0 -1 0
57 40 -14 0 -1 0
57 40 -13 0 -1 0
57 40 13 0 -1 0
57 40 14 0 -1 0
57 40 15 0 -1 0
57 40 16 0 -1 -1
57 41 -13 0 -1 1
57 41 -12 0 -1 0
57 41 -11 0 -1 0
57 41 -10 0 -1 0
57 41 10 0 -1 0
57 41 11 0 -1 0
57 41 12 0 -1 0
57 41 13 0 -1 -1
57 42 -10 0 -1 1
57 42 -9 0 -1 0
57 42 -8 0 -1 0
57 42 -7 0 -1 0
57 42 -6 0 -1 0
57 42 -5 0 -1 0
57 42 -4 0 -1 0
57 42 -3 0 -1 0
57 42 -2 0 -1 0
57 42 -1 0 -1 0
57 42 0 0 -1 0
57 42 1 0 -1 0
57 42 2 0 -1 0
57 42 3 0 -1 0
57 42 4 0 -1 0
57 42 5 0 -1 0
57 42 6 0 -1 0
57 42 7 0 -1 0
57 42 8 0 -1 0
57 42 9 0 -1 0
57 42 10 0 -1 -1
58 1 -42 0 0 1
58 1 42 0 0 -1
58 2 -42 0 0 1
58 2 42 0 0 -1
58 3 -42 0 0 1
58 3 42 0 0 -1
58 4 -42 0 0 1
58 4 42 0 0 -1
58 5 -42 0 0 1
58 5 42 0 0 -1
58 6 -42 0 0 1
58 6 42 0 0 -1
58 7 -42 0 0 1
58 7 42 0 0 -1
58 8 -42 0 0 1
58 8 42 0 0 -1
58 9 -42 0 0 1
58 9 42 0 0 -1
58 10 -42 0 -1 1
58 10 -41 0 0 1
58 10 41 0 0 -1
58 10 42 0 -1 -1
58 11 -41 0 0 1
58 11 41 0 0 -1
58 12 -41 0 0 1
58 12 41 0 0 -1
58 13 -41 0 -1 1
58 13 -40 0 0 1
58 13 40 0 0 -1
58 13 41 0 -1 -1
58 14 -40 0 0 1
58 14 40 0 0 -1
58 15 -40 0 0 1
58 15 40 0 0 -1
58 16 -40 0 -1 1
58 16 -39 0 0 1
58 16 39 0 0 -1
58 16 40 0 -1 -1
58 17 -39 0 -1 1
58 17 39 0 -1 -1
58 18 -39 0 -1 1
58 18 -38 0 -1 1
58 18 38 0 -1 -1
58 18 39 0 -1 -1
58 19 -38 0 -1 1
58 19 38 0 -1 -1
58 20 -38 0 -1 1
58 20 -37 0 -1 1
58 20 37 0 -1 -1
58 20 38 0 -1 -1
58 21 -37 0 -1 1
58 21 37 0 -1 -1
58 22 -37 0 -1 1
58 22 -36 0 -1 1
58 22 36 0 -1 -1
58 22 37 0 -1 -1
58 23 -36 0 -1 1
58 23 36 0 -1 -1
58 24 -36 0 -1 1
58 24 -35 0 -1 1
58 24 35 0 -1 -1
58 24 36 0 -1 -1
58 25 -35 0 -1 1
58 25 -34 0 -1 1
58 25 34 0 -1 -1
58 25 35 0 -1 -1
58 26 -34 0 -1 1
58 26 -33 0 -1 1
58 26 33 0 -1 -1
58 26 34 0 -1 -1
58 27 -33 0 -1 1
58 27 33 0 -1 -1
58 28 -33 0 -1 1
58 28 -32 0 -1 1
58 28 32 0 -1 -1
58 28 33 0 -1 -1
58 29 -32 0 -1 1
58 29 -31 0 -1 1
58 29 31 0 -1 -1
58 29 32 0 -1 -1
58 30 -31 0 -1 1
58 30 -30 0 -1 1
58 30 30 0 -1 -1
58 30 31 0 -1 -1
58 31 -30 0 -1 1
58 31 -29 0 -1 1
58 31 29 0 -1 -1
58 31 30 0 -1 -1
58 32 -29 0 -1 1
58 32 -28 0 -1 1
58 32 28 0 -1 -1
58 32 29 0 -1 -1
58 33 -28 0 -1 1
58 33 -27 0 -1 1
58 33 -26 0 -1 1
58 33 26 0 -1 -1
58 33 27 0 -1 -1
58 33 28 0 -1 -1
58 34 -26 0 -1 1
58 34 -25 0 -1 1
58 34 25 0 -1 -1
58 34 26 0 -1 -1
58 35 -25 0 -1 1
58 35 -24 0 -1 1
58 35 24 0 -1 -1
58 35 25 0 -1 -1
58 36 -24 0 -1 1
58 36 -23 0 -1 1
58 36 -22 0 -1 1
58 36 22 0 -1 -1
58 36 23 0 -1 -1
58 36 24 0 -1 -1
58 37 -22 0 -1 1
58 37 -21 0 -1 1
58 37 -20 0 -1 1
58 37 20 0 -1 -1
58 37 21 0 -1 -1
58 37 22 0 -1 -1
58 38 -20 0 -1 1
58 38 -19 0 -1 1
58 38 -18 0 -1 1
58 38 18 0 -1 -1
58 38 19 0 -1 -1
58 38 20 0 -1 -1
58 39 -18 0 -1 1
58 39 -17 0 -1 1
58 39 -16 0 -1 0
58 39 16 0 -1 0
58 39 17 0 -1 -1
58 39 18 0 -1 -1
58 40 -16 0 -1 1
58 40 -15 0 -1 0
58 40 -14 0 -1 0
58 40 -13 0 -1 0
58 40 13 0 -1 0
58 40 14 0 -1 0
58 40 15 0 -1 0
58 40 16 0 -1 -1
58 41 -13 0 -1 1
58 41 -12 0 -1 0
58 41 -11 0 -1 0
58 41 -10 0 -1 0
58 41 10 0 -1 0
58 41 11 0 -1 0
58 41 12 0 -1 0
58 41 13 0 -1 -1
58 42 -10 0 -1 1
58 42 -9 0 -1 0
58 42 -8 0 -1 0
58 42 -7 0 -1 0
58 42 -6 0 -1 0
58 42 -5 0 -1 0
58 42 -4 0 -1 0
58 42 -3 0 -1 0
58 42 -2 0 -1 0
58 42 -1 0 -1 0
58 42 0 0 -1 0
58 42 1 0 -1 0
58 42 2 0 -1 0
58 42 3 0 -1 0
58 42 4 0 -1 0
58 42 5 0 -1 0
58 42 6 0 -1 0
58 42 7 0 -1 0
58 42 8 0 -1 0
58 42 9 0 -1 0
58 42 10 0 -1 -1
59 1 -42 0 0 1
59 1 42 0 0 -1
59 2 -42 0 0 1
59 2 42 0 0 -1
59 3 -42 0 0 1
59 3 42 0 0 -1
59 4 -42 0 0 1
59 4 42 0 0 -1
59 5 -42 0 0 1
59 5 42 0 0 -1
59 6 -42 0 0 1
59 6 42 0 0 -1
59 7 -42 0 0 1
59 7 42 0 0 -1
59 8 -42 0 0 1
59 8 42 0 0 -1
59 9 -42 0 0 1
59 9 42 0 0 -1
59 10 -42 0 -1 1
59 10 -41 0 0 1
59 10 41 0 0 -1
59 10 42 0 -1 -1
59 11 -41 0 0 1
59 11 41 0 0 -1
59 12 -41 0 0 1
59 12 41 0 0 -1
59 13 -41 0 -1 1
59 13 -40 0 0 1
59 13 40 0 0 -1
59 13 41 0 -1 -1
59 14 -40 0 0 1
59 14 40 0 0 -1
59 15 -40 0 0 1
59 15 40 0 0 -1
59 16 -40 0 -1 1
59 16 -39 0 0 1
59 16 39 0 0 -1
59 16 40 0 -1 -1
59 17 -39 0 -1 1
59 17 39 0 -1 -1
59 18 -39 0 -1 1
59 18 -38 0 -1 1
59 18 38 0 -1 -1
59 18 39 0 -1 -1
59 19 -38 0 -1 1
59 19 38 0 -1 -1
59 20 -38 0 -1 1
59 20 -37 0 -1 1
59 20 37 0 -1 -1
59 20 38 0 -1 -1
59 21 -37 0 -1 1
59 21 37 0 -1 -1
59 22 -37 0 -1 1
59 22 -36 0 -1 1
59 22 36 0 -1 -1
59 22 37 0 -1 -1
59 23 -36 0 -1 1
59 23 36 0 -1 -1
59 24 -36 0 -1 1
59 24 -35 0 -1 1
59 24 35 0 -1 -1
59 24 36 0 -1 -1
59 25 -35 0 -1 1
59 25 -34 0 -1 1
59 25 34 0 -1 -1
59 25 35 0 -1 -1
59 26 -34 0 -1 1
59 26 -33 0 -1 1
59 26 33 0 -1 -1
59 26 34 0 -1 -1
59 27 -33 0 -1 1
59 27 33 0 -1 -1
59 28 -33 0 -1 1
59 28 -32 0 -1 1
59 28 32 0 -1 -1
59 28 33 0 -1 -1
59 29 -32 0 -1 1
59 29 -31 0 -1 1
59 29 31 0 -1 -1
59 29 32 0 -1 -1
59 30 -31 0 -1 1
59 30 -30 0 -1 1
59 30 30 0 -1 -1
59 30 31 0 -1 -1
59 31 -30 0 -1 1
59 31 -29 0 -1 1
59 31 29 0 -1 -1
59 31 30 0 -1 -1
59 32 -29 0 -1 1
59 32 -28 0 -1 1
59 32 28 0 -1 -1
59 32 29 0 -1 -1
59 33 -28 0 -1 1
59 33 -27 0 -1 1
59 33 -26 0 -1 1
59 33 26 0 -1 -1
59 33 27 0 -1 -1
59 33 28 0 -1 -1
59 34 -26 0 -1 1
59 34 -25 0 -1 1
59 34 25 0 -1 -1
59 34 26 0 -1 -1
59 35 -25 0 -1 1
59 35 -24 2 40 -15 0 -1 0
2 40 -14 0 -1 0
2 40 -13 0 -1 0
2 40 13 0 -1 0
2 40 14 0 -1 0
2 40 15 0 -1 0
2 40 16 0 -1 -1
2 41 -13 0 -1 1
2 41 -12 0 -1 0
2 41 -11 0 -1 0
2 41 -10 0 -1 0
2 41 10 0 -1 0
2 41 11 0 -1 0
2 41 12 0 -1 0
2 41 13 0 -1 -1
2 42 -10 0 -1 1
2 42 -9 0 -1 0
2 42 -8 0 -1 0
2 42 -7 0 -1 0
2 42 -6 0 -1 0
2 42 -5 0 -1 0
2 42 -4 0 -1 0
2 42 -3 0 -1 0
2 42 -2 0 -1 0
2 42 -1 0 -1 0
2 42 0 0 -1 0
2 42 1 0 -1 0
2 42 2 0 -1 0
2 42 3 0 -1 0
2 42 4 0 -1 0
2 42 5 0 -1 0
2 42 6 0 -1 0
2 42 7 0 -1 0
2 42 8 0 -1 0
2 42 9 0 -1 0
2 42 10 0 -1 -1
3 1 -42 0 0 1
3 1 42 0 0 -1
3 2 -42 0 0 1
3 2 42 0 0 -1
3 3 -42 0 0 1
3 3 42 0 0 -1
3 4 -42 0 0 1
3 4 42 0 0 -1
3 5 -42 0 0 1
3 5 42 0 0 -1
3 6 -42 0 0 1
3 6 42 0 0 -1
3 7 -42 0 0 1
3 7 42 0 0 -1
3 8 -42 0 0 1
3 8 42 0 0 -1
3 9 -42 0 0 1
3 9 42 0 0 -1
3 10 -42 0 -1 1
3 10 -41 0 0 1
3 10 41 0 0 -1
3 10 42 0 -1 -1
3 11 -41 0 0 1
3 11 41 0 0 -1
3 12 -41 0 0 1
3 12 41 0 0 -1
3 13 -41 0 -1 1
3 13 -40 0 0 1
3 13 40 0 0 -1
3 13 41 0 -1 -1
3 14 -40 0 0 1
3 14 40 0 0 -1
3 15 -40 0 0 1
3 15 40 0 0 -1
3 16 -40 0 -1 1
3 16 -39 0 0 1
3 16 39 0 0 -1
3 16 40 0 -1 -1
3 17 -39 0 -1 1
3 17 39 0 -1 -1
3 18 -39 0 -1 1
3 18 -38 0 -1 1
3 18 38 0 -1 -1
3 18 39 0 -1 -1
3 19 -38 0 -1 1
3 19 38 0 -1 -1
3 20 -38 0 -1 1
3 20 -37 0 -1 1
3 20 37 0 -1 -1
3 20 38 0 -1 -1
3 21 -37 0 -1 1
3 21 37 0 -1 -1
3 22 -37 0 -1 1
3 22 -36 0 -1 1
3 22 36 0 -1 -1
3 22 37 0 -1 -1
3 23 -36 0 -1 1
3 23 36 0 -1 -1
3 24 -36 0 -1 1
3 24 -35 0 -1 1
3 24 35 0 -1 -1
3 24 36 0 -1 -1
3 25 -35 0 -1 1
3 25 -34 0 -1 1
3 25 34 0 -1 -1
3 25 35 0 -1 -1
3 26 -34 0 -1 1
3 26 -33 0 -1 1
3 26 33 0 -1 -1
3 26 34 0 -1 -1
3 27 -33 0 -1 1
3 27 33 0 -1 -1
3 28 -33 0 -1 1
3 28 -32 0 -1 1
3 28 32 0 -1 -1
3 28 33 0 -1 -1
3 29 -32 0 -1 1
3 29 -31 0 -1 1
3 29 31 0 -1 -1
3 29 32 0 -1 -1
3 30 -31 0 -1 1
3 30 -30 0 -1 1
3 30 30 0 -1 -1
3 30 31 0 -1 -1
3 31 -30 0 -1 1
3 31 -29 0 -1 1
3 31 29 0 -1 -1
3 31 30 0 -1 -1
3 32 -29 0 -1 1
3 32 -28 0 -1 1
3 32 28 0 -1 -1
3 32 29 0 -1 -1
3 33 -28 0 -1 1
3 33 -27 0 -1 1
3 33 -26 0 -1 1
3 33 26 0 -1 -1
3 33 27 0 -1 -1
3 33 28 0 -1 -1
3 34 -26 0 -1 1
3 34 -25 0 -1 1
3 34 25 0 -1 -1
3 34 26 0 -1 -1
3 35 -25 0 -1 1
3 35 -24 0 -1 1
3 35 24 0 -1 -1
3 35 25 0 -1 -1
3 36 -24 0 -1 1
3 36 -23 0 -1 1
3 36 -22 0 -1 1
3 36 22 0 -1 -1
3 36 23 0 -1 -1
3 36 24 0 -1 -1
3 37 -22 0 -1 1
3 37 -21 0 -1 1
3 37 -20 0 -1 1
3 37 20 0 -1 -1
3 37 21 0 -1 -1
3 37 22 0 -1 -1
3 38 -20 0 -1 1
3 38 -19 0 -1 1
3 38 -18 0 -1 1
3 38 18 0 -1 -1
3 38 19 0 -1 -1
3 38 20 0 -1 -1
3 39 -18 0 -1 1
3 39 -17 0 -1 1
3 39 -16 0 -1 0
3 39 16 0 -1 0
3 39 17 0 -1 -1
3 39 18 0 -1 -1
3 40 -16 0 -1 1
3 40 -15 0 -1 0
3 40 -14 0 -1 0
3 40 -13 0 -1 0
3 40 13 0 -1 0
3 40 14 0 -1 0
3 40 15 0 -1 0
3 40 16 0 -1 -1
3 41 -13 0 -1 1
3 41 -12 0 -1 0
3 41 -11 0 -1 0
3 41 -10 0 -1 0
3 41 10 0 -1 0
3 41 11 0 -1 0
3 41 12 0 -1 0
3 41 13 0 -1 -1
3 42 -10 0 -1 1
3 42 -9 0 -1 0
3 42 -8 0 -1 0
3 42 -7 0 -1 0
3 42 -6 0 -1 0
3 42 -5 0 -1 0
3 42 -4 0 -1 0
3 42 -3 0 -1 0
3 42 -2 0 -1 0
3 42 -1 0 -1 0
3 42 0 0 -1 0
3 42 1 0 -1 0
3 42 2 0 -1 0
3 42 3 0 -1 0
3 42 4 0 -1 0
3 42 5 0 -1 0
3 42 6 0 -1 0
3 42 7 0 -1 0
3 42 8 0 -1 0
3 42 9 0 -1 0
3 42 10 0 -1 -1
4 1 -42 0 0 1
4 1 42 0 0 -1
4 2 -42 0 0 1
4 2 42 0 0 -1
4 3 -42 0 0 1
4 3 42 0 0 -1
4 4 -42 0 0 1
4 4 42 0 0 -1
4 5 -42 0 0 1
4 5 42 0 0 -1
4 6 -42 0 0 1
4 6 42 0 0 -1
4 7 -42 0 0 1
4 7 42 0 0 -1
4 8 -42 0 0 1
4 8 42 0 0 -1
4 9 -42 0 0 1
4 9 42 0 0 -1
4 10 -42 0 -1 1
4 10 -41 0 0 1
4 10 41 0 0 -1
4 10 42 0 -1 -1
4 11 -41 0 0 1
4 11 41 0 0 -1
4 12 -41 0 0 1
4 12 41 0 0 -160 42 -8 0 -1 0
60 42 -7 0 -1 0
60 42 -6 0 -1 0
60 42 -5 0 -1 0
60 42 -4 0 -1 0
60 42 -3 0 -1 0
60 42 -2 0 -1 0
60 42 -1 0 -1 0
60 42 0 0 -1 0
60 42 1 0 -1 0
60 42 2 0 -1 0
60 42 3 0 -1 0
60 42 4 0 -1 0
60 42 5 0 -1 0
60 42 6 0 -1 0
60 42 7 0 -1 0
60 42 8 0 -1 0
60 42 9 0 -1 0
60 42 10 0 -1 -1
61 1 -42 0 0 1
61 1 42 0 0 -1
61 2 -42 0 0 1
61 2 42 0 0 -1
61 3 -42 0 0 1
61 3 42 0 0 -1
61 4 -42 0 0 1
61 4 42 0 0 -1
61 5 -42 0 0 1
61 5 42 0 0 -1
61 6 -42 0 0 1
61 6 42 0 0 -1
61 7 -42 0 0 1
61 7 42 0 0 -1
61 8 -42 0 0 1
61 8 42 0 0 -1
61 9 -42 0 0 1
61 9 42 0 0 -1
61 10 -42 0 -1 1
61 10 -41 0 0 1
61 10 41 0 0 -1
61 10 42 0 -1 -1
61 11 -41 0 0 1
61 11 41 0 0 -1
61 12 -41 0 0 1
61 12 41 0 0 -1
61 13 -41 0 -1 1
61 13 -40 0 0 1
61 13 40 0 0 -1
61 13 41 0 -1 -1
61 14 -40 0 0 1
61 14 40 0 0 -1
61 15 -40 0 0 1
61 15 40 0 0 -1
61 16 -40 0 -1 1
61 16 -39 0 0 1
61 16 39 0 0 -1
61 16 40 0 -1 -1
61 17 -39 0 -1 1
61 17 39 0 -1 -1
61 18 -39 0 -1 1
61 18 -38 0 -1 1
61 18 38 0 -1 -1
61 18 39 0 -1 -1
61 19 -38 0 -1 1
61 19 38 0 -1 -1
61 20 -38 0 -1 1
61 20 -37 0 -1 1
61 20 37 0 -1 -1
61 20 38 0 -1 -1
61 21 -37 0 -1 1
61 21 37 0 -1 -1
61 22 -37 0 -1 1
61 22 -36 0 -1 1
61 22 36 0 -1 -1
61 22 37 0 -1 -1
61 23 -36 0 -1 1
61 23 36 0 -1 -1
61 24 -36 0 -1 1
61 24 -35 0 -1 1
61 24 35 0 -1 -1
61 24 36 0 -1 -1
61 25 -35 0 -1 1
61 25 -34 0 -1 1
61 25 34 0 -1 -1
61 25 35 0 -1 -1
61 26 -34 0 -1 1
61 26 -33 0 -1 1
61 26 33 0 -1 -1
61 26 34 0 -1 -1
61 27 -33 0 -1 1
61 27 33 0 -1 -1
61 28 -33 0 -1 1
61 28 -32 0 -1 1
61 28 32 0 -1 -1
61 28 33 0 -1 -1
61 29 -32 0 -1 1
61 29 -31 0 -1 1
61 29 31 0 -1 -1
61 29 32 0 -1 -1
61 30 -31 0 -1 1
61 30 -30 0 -1 1
61 30 30 0 -1 -1
61 30 31 0 -1 -1
61 31 -30 0 -1 1
61 31 -29 0 -1 1
61 31 29 0 -1 -1
61 31 30 0 -1 -1
61 32 -29 0 -1 1
61 32 -28 0 -1 1
61 32 28 0 -1 -1
61 32 29 0 -1 -1
61 33 -28 0 -1 1
61 33 -27 0 -1 1
61 33 -26 0 -1 1
61 33 26 0 -1 -1
61 33 27 0 -1 -1
61 33 28 0 -1 -1
61 34 -26 0 -1 1
61 34 -25 0 -1 1
61 34 25 0 -1 -1
61 34 26 0 -1 -1
61 35 -25 0 -1 1
61 35 -24 0 -1 1
61 35 24 0 -1 -1
61 35 25 0 -1 -1
61 36 -24 0 -1 1
61 36 -23 0 -1 1
61 36 -22 0 -1 1
61 36 22 0 -1 -1
61 36 23 0 -1 -1
61 36 24 0 -1 -1
61 37 -22 0 -1 1
61 37 -21 0 -1 1
61 37 -20 0 -1 1
61 37 20 0 -1 -1
61 37 21 0 -1 -1
61 37 22 0 -1 -1
61 38 -20 0 -1 1
61 38 -19 0 -1 1
61 38 -18 0 -1 1
61 38 18 0 -1 -1
61 38 19 0 -1 -1
61 38 20 0 -1 -1
61 39 -18 0 -1 1
61 39 -17 0 -1 1
61 39 -16 0 -1 0
61 39 16 0 -1 0
61 39 17 0 -1 -1
61 39 18 0 -1 -1
61 40 -16 0 -1 1
61 40 -15 0 -1 0
61 40 -14 0 -1 0
61 40 -13 0 -1 0
61 40 13 0 -1 0
61 40 14 0 -1 0
61 40 15 0 -1 0
61 40 16 0 -1 -1
61 41 -13 0 -1 1
61 41 -12 0 -1 0
61 41 -11 0 -1 0
61 41 -10 0 -1 0
61 41 10 0 -1 0
61 41 11 0 -1 0
61 41 12 0 -1 0
61 41 13 0 -1 -1
61 42 -10 0 -1 1
61 42 -9 0 -1 0
61 42 -8 0 -1 0
61 42 -7 0 -1 0
61 42 -6 0 -1 0
61 42 -5 0 -1 0
61 42 -4 0 -1 0
61 42 -3 0 -1 0
61 42 -2 0 -1 0
61 42 -1 0 -1 0
61 42 0 0 -1 0
61 42 1 0 -1 0
61 42 2 0 -1 0
61 42 3 0 -1 0
61 42 4 0 -1 0
61 42 5 0 -1 0
61 42 6 0 -1 0
61 42 7 0 -1 0
61 42 8 0 -1 0
61 42 9 0 -1 0
61 42 10 0 -1 -1
62 1 -42 0 0 1
62 1 42 0 0 -1
62 2 -42 0 0 1
62 2 42 0 0 -1
62 3 -42 0 0 1
62 3 42 0 0 -1
62 4 -42 0 0 1
62 4 42 0 0 -1
62 5 -42 0 0 1
62 5 42 0 0 -1
62 6 -42 0 0 1
62 6 42 0 0 -1
62 7 -42 0 0 1
62 7 42 0 0 -1
62 8 -42 0 0 1
62 8 42 0 0 -1
62 9 -42 0 0 1
62 9 42 0 0 -1
62 10 -42 0 -1 1
62 10 -41 0 0 1
62 10 41 0 0 -1
62 10 42 0 -1 -1
62 11 -41 0 0 1
62 11 41 0 0 -1
62 12 -41 0 0 1
62 12 41 0 0 -1
62 13 -41 0 -1 1
62 13 -40 0 0 1
62 13 40 0 0 -1
62 13 41 0 -1 -1
62 14 -40 0 0 1
62 14 40 0 0 -1
62 15 -40 0 0 1
62 15 40 0 0 -1
62 16 -40 0 -1 1
62 16 -39 0 0 1
62 16 39 0 0 -1
62 16 40 0 -1 -1
62 17 -39 0 -1 1
62 17 39 0 -1 -1
62 18 -39 0 -1 1
62 18 -38 0 -1 1
62 18 38 0 -1 -1
62 18 39 0 -1 -1
62 19 -38 0 -1 1
62 19 38 0 -1 -1
62 20 -38 0 -1 1
62 20 -37 0 -1 1
62 20 37 0 -1 -1
62 20 38 0 -1 -1
62 21 -37 0 -1 1
62 21 37 0 -1 -1
62 22 -37 0 -1 1
62 22 -36 0 -1 1
62 22 36 0 -1 -1
62 22 37 0 -1 -1
62 23 -36 0 -1 1
62 23 36 0 -1 -1
62 24 -36 0 -1 1
62 24 -35 0 -1 1
62 24 35 0 -1 -1
62 24 36 0 -1 -1
62 25 -35 0 -1 1
62 25 -34 0 -1 1
62 25 34 0 -1 -1
62 25 35 0 -1 -1
62 26 -34 0 -1 1
62 26 -33 0 -1 1
62 26 33 0 -1 -1
62 26 34 0 -1 -1
62 27 -33 0 -1 1
62 27 33 0 -1 -1
62 28 -33 0 -1 1
62 28 -32 0 -1 1
62 28 32 0 -1 -1
62 28 33 0 -1 -1
62 29 -32 0 -1 1
62 29 -31 0 -1 1
62 29 31 0 -1 -1
62 29 32 0 -1 -1
62 30 -31 0 -1 1
62 30 -30 0 -1 1
62 30 30 0 -1 -1
62 30 31 0 -1 -1
62 31 -30 0 -1 1
62 31 -29 0 -1 1
62 31 29 0 -1 -1
62 31 30 0 -1 -1
62 32 -29 0 -1 1
62 32 -28 0 -1 1
62 32 28 0 -1 -1
62 32 29 0 -1 -1
62 33 -28 0 -1 1
62 33 -27 0 -1 1
62 33 -26 0 -1 1
62 33 26 0 -1 -1
62 33 27 0 -1 -1
62 33 28 0 -1 -1
62 34 -26 0 -1 1
62 34 -25 0 -1 1
62 34 25 0 -1 -1
62 34 26 0 -1 -1
62 35 -25 0 -1 1
62 35 -24 0 -1 1
62 35 24 0 -1 -1
62 35 25 0 -1 -1
62 36 -24 0 -1 1
62 36 -23 0 -1 1
62 36 -22 0 -1 1
62 36 22 0 -1 -1
62 36 23 0 -1 -1
62 36 24 0 -1 -1
62 37 -22 0 -1 1
62 37 -21 0 -1 1
62 37 -20 0 -1 1
62 37 20 0 -1 -1
62 37 21 0 -1 -1
62 37 22 0 -1 -1
62 38 -20 0 -1 1
62 38 -19 0 -1 1
62 38 -18 0 -1 1
62 38 18 0 -1 -1
62 38 19 0 -1 -1
62 38 20 0 -1 -1
62 39 -18 0 -1 1
62 39 -17 0 -1 1
62 39 -16 0 -1 0
62 39 16 0 -1 0
62 39 17 0 -1 -1
62 39 18 0 -1 -1
62 40 -16 0 -1 1
62 40 -15 0 -1 0
62 40 -14 0 -1 0
62 40 -13 0 -1 0
62 40 13 0 -1 0
62 40 14 0 -1 0
62 40 15 0 -1 0
62 40 16 0 -1 -1
62 41 -13 0 -1 1
62 41 -12 0 -1 0
62 41 -11 0 -1 0
62 41 -10 0 -1 0
62 41 10 0 -1 0
62 41 11 0 -1 0
62 41 12 0 -1 0
62 41 13 0 -1 -1
62 42 -10 0 -1 1
62 42 -9 0 -1 0
62 42 -8 0 -1 0
62 42 -7 0 -1 0
62 42 -6 0 -1 0
62 42 -5 0 -1 0
62 42 -4 0 -1 0
62 42 -3 0 -1 0
62 42 -2 0 -1 0
62 42 -1 0 -1 0
62 42 0 0 -1 0
62 42 1 0 -1 0
62 42 2 0 -1 0
62 42 3 0 -1 0
62 42 4 0 -1 0
62 42 5 0 -1 0
62 42 6 0 -1 0
62 42 7 0 -1 0
62 42 8 0 -1 0
62 42 9 0 -1 0
62 42 10 0 -1 -1
63 1 -42 0 0 1
63 1 42 0 0 -1
63 2 -42 0 0 1
63 2 42 0 0 -1
63 3 -42 0 0 1
63 3 42 0 0 -1
63 4 -42 0 0 1
63 4 42 0 0 -1
63 5 -42 0 0 1
63 5 42 0 0 -1
63 6 -42 0 0 1
63 6 42 0 0 -1
63 7 -42 0 0 1
63 7 42 0 0 -1
63 8 -42 0 0 1
63 8 42 0 0 -1
63 9 -42 0 0 1
63 9 42 0 0 -1
63 10 -42 0 -1 1
63 10 -41 0 0 1
63 10 41 0 0 -1
63 10 42 0 -1 -1
63 11 -41 0 0 1
63 11 41 0 0 -1
63 12 -41 0 0 1
63 12 41 0 0 -1
63 13 -41 0 -1 1
63 13 -40 0 0 1
63 13 40 0 0 -1
63 13 41 0 -1 -1
63 14 -40 0 0 1
63 14 40 0 0 -1
63 15 -40 0 0 1
63 15 40 0 0 -1
63 16 -40 0 -1 1
63 16 -39 0 0 1
63 16 39 0 0 -1
63 16 40 0 -1 -1
63 17 -39 0 -1 1
63 17 39 0 -1 -1
63 18 -39 0 -1 1
63 18 -38 0 -1 1
63 18 38 0 -1 -1
63 18 39 0 -1 -1
63 19 -38 0 -1 1
63 19 38 0 -1 -1
63 20 -38 0 -1 1
63 20 -37 0 -1 1
63 20 37 0 -1 -1
63 20 38 0 -1 -1
63 21 -37 0 -1 1
63 21 37 0 -1 -1
63 22 -37 0 -1 1
63 22 -36 0 -1 1
63 22 36 0 -1 -1
63 22 37 0 -1 -1
63 23 -36 0 -1 1
63 23 36 0 -1 -1
63 24 -36 0 -1 1
63 24 -35 0 -1 1
63 24 35 0 -1 -1
63 24 36 0 -1 -1
63 25 -35 0 -1 1
63 25 -34 0 -1 1
63 25 34 0 -1 -1
63 26 40 -14 0 -1 0
6 40 -13 0 -1 0
6 40 13 0 -1 0
6 40 14 0 -1 0
6 40 15 0 -1 0
6 40 16 0 -1 -1
6 41 -13 0 -1 1
6 41 -12 0 -1 0
6 41 -11 0 -1 0
6 41 -10 0 -1 0
6 41 10 0 -1 0
6 41 11 0 -1 0
6 41 12 0 -1 0
6 41 13 0 -1 -1
6 42 -10 0 -1 1
6 42 -9 0 -1 0
6 42 -8 0 -1 0
6 42 -7 0 -1 0
6 42 -6 0 -1 0
6 42 -5 0 -1 0
6 42 -4 0 -1 0
6 42 -3 0 -1 0
6 42 -2 0 -1 0
6 42 -1 0 -1 0
6 42 0 0 -1 0
6 42 1 0 -1 0
6 42 2 0 -1 0
6 42 3 0 -1 0
6 42 4 0 -1 0
6 42 5 0 -1 0
6 42 6 0 -1 0
6 42 7 0 -1 0
6 42 8 0 -1 0
6 42 9 0 -1 0
6 42 10 0 -1 -1
7 1 -42 0 0 1
7 1 42 0 0 -1
7 2 -42 0 0 1
7 2 42 0 0 -1
7 3 -42 0 0 1
7 3 42 0 0 -1
7 4 -42 0 0 1
7 4 42 0 0 -1
7 5 -42 0 0 1
7 5 42 0 0 -1
7 6 -42 0 0 1
7 6 42 0 0 -1
7 7 -42 0 0 1
7 7 42 0 0 -1
7 8 -42 0 0 1
7 8 42 0 0 -1
7 9 -42 0 0 1
7 9 42 0 0 -1
7 10 -42 0 -1 1
7 10 -41 0 0 1
7 10 41 0 0 -1
7 10 42 0 -1 -1
7 11 -41 0 0 1
7 11 41 0 0 -1
7 12 -41 0 0 1
7 12 41 0 0 -1
7 13 -41 0 -1 1
7 13 -40 0 0 1
7 13 40 0 0 -1
7 13 41 0 -1 -1
7 14 -40 0 0 1
7 14 40 0 0 -1
7 15 -40 0 0 1
7 15 40 0 0 -1
7 16 -40 0 -1 1
7 16 -39 0 0 1
7 16 39 0 0 -1
7 16 40 0 -1 -1
7 17 -39 0 -1 1
7 17 39 0 -1 -1
7 18 -39 0 -1 1
7 18 -38 0 -1 1
7 18 38 0 -1 -1
7 18 39 0 -1 -1
7 19 -38 0 -1 1
7 19 38 0 -1 -1
7 20 -38 0 -1 1
7 20 -37 0 -1 1
7 20 37 0 -1 -1
7 20 38 0 -1 -1
7 21 -37 0 -1 1
7 21 37 0 -1 -1
7 22 -37 0 -1 1
7 22 -36 0 -1 1
7 22 36 0 -1 -1
7 22 37 0 -1 -1
7 23 -36 0 -1 1
7 23 36 0 -1 -1
7 24 -36 0 -1 1
7 24 -35 0 -1 1
7 24 35 0 -1 -1
7 24 36 0 -1 -1
7 25 -35 0 -1 1
7 25 -34 0 -1 1
7 25 34 0 -1 -1
7 25 35 0 -1 -1
7 26 -34 0 -1 1
7 26 -33 0 -1 1
7 26 33 0 -1 -1
7 26 34 0 -1 -1
7 27 -33 0 -1 1
7 27 33 0 -1 -1
7 28 -33 0 -1 1
7 28 -32 0 -1 1
7 28 32 0 -1 -1
7 28 33 0 -1 -1
7 29 -32 0 -1 1
7 29 -31 0 -1 1
7 29 31 0 -1 -1
7 29 32 0 -1 -1
7 30 -31 0 -1 1
7 30 -30 0 -1 1
7 30 30 0 -1 -1
7 30 31 0 -1 -1
7 31 -30 0 -1 1
7 31 -29 0 -1 1
7 31 29 0 -1 -1
7 31 30 0 -1 -1
7 32 -29 0 -1 1
7 32 -28 0 -1 1
7 32 28 0 -1 -1
7 32 29 0 -1 -1
7 33 -28 0 -1 1
7 33 -27 0 -1 1
7 33 -26 0 -1 1
7 33 26 0 -1 -1
7 33 27 0 -1 -1
7 33 28 0 -1 -1
7 34 -26 0 -1 1
7 34 -25 0 -1 1
7 34 25 0 -1 -1
7 34 26 0 -1 -1
7 35 -25 0 -1 1
7 35 -24 0 -1 1
7 35 24 0 -1 -1
7 35 25 0 -1 -1
7 36 -24 0 -1 1
7 36 -23 0 -1 1
7 36 -22 0 -1 1
7 36 22 0 -1 -1
7 36 23 0 -1 -1
7 36 24 0 -1 -1
7 37 -22 0 -1 1
7 37 -21 0 -1 1
7 37 -20 0 -1 1
7 37 20 0 -1 -1
7 37 21 0 -1 -1
7 37 22 0 -1 -1
7 38 -20 0 -1 1
7 38 -19 0 -1 1
7 38 -18 0 -1 1
7 38 18 0 -1 -1
7 38 19 0 -1 -1
7 38 20 0 -1 -1
7 39 -18 0 -1 1
7 39 -17 0 -1 1
7 39 -16 0 -1 0
7 39 16 0 -1 0
7 39 17 0 -1 -1
7 39 18 0 -1 -1
7 40 -16 0 -1 1
7 40 -15 0 -1 0
7 40 -14 0 -1 0
7 40 -13 0 -1 0
7 40 13 0 -1 0
7 40 14 0 -1 0
7 40 15 0 -1 0
7 40 16 0 -1 -1
7 41 -13 0 -1 1
7 41 -12 0 -1 0
7 41 -11 0 -1 0
7 41 -10 0 -1 0
7 41 10 0 -1 0
7 41 11 0 -1 0
7 41 12 0 -1 0
7 41 13 0 -1 -1
7 42 -10 0 -1 1
7 42 -9 0 -1 0
7 42 -8 0 -1 0
7 42 -7 0 -1 0
7 42 -6 0 -1 0
7 42 -5 0 -1 0
7 42 -4 0 -1 0
7 42 -3 0 -1 0
7 42 -2 0 -1 0
7 42 -1 0 -1 0
7 42 0 0 -1 0
7 42 1 0 -1 0
7 42 2 0 -1 0
7 42 3 0 -1 0
7 42 4 0 -1 0
7 42 5 0 -1 0
7 42 6 0 -1 0
7 42 7 0 -1 0
7 42 8 0 -1 0
7 42 9 0 -1 0
7 42 10 0 -1 -1
8 1 -42 0 0 1
8 1 42 0 0 -1
8 2 -42 0 0 1
8 2 42 0 0 -1
8 3 -42 0 0 1
8 3 42 0 0 -1
8 4 -42 0 0 1
8 4 42 0 0 -1
8 5 -42 0 0 1
8 5 42 0 0 -1
8 6 -42 0 0 1
8 6 42 0 0 -1
8 7 -42 0 0 1
8 7 42 0 0 -1
8 8 -42 0 0 1
8 8 42 0 0 -1
8 9 -42 0 0 1
8 9 42 0 0 -1
8 10 -42 0 -1 1
8 10 -41 0 0 1
8 10 41 0 0 -1
8 10 42 0 -1 -1
8 11 -41 0 0 1
8 11 41 0 0 -1
8 12 -41 0 0 1
8 12 41 0 0 -1
8 13 -41 0 -1 1
8 13 -40 0 0 1
8 13 40 0 0 -1
8 13 41 0 -1 -1
8 14 -40 0 0 1
8 14 40 0 0 -1
8 15 -40 0 0 1
8 15 40 0 0 -1
8 16 -40 0 -1 1
8 16 -39 0 0 1
8 16 39 0 0 -1
8 16 40 0 -1 -1
8 17 -39 0 -1 1
8 17 39 0 -1 -1
8 18 -39 0 -1 1
8 18 -38 0 -1 1
8 18 38 0 -1 -1
8 18 39 0 -1 -1
8 19 -38 0 -1 1
8 19 38 0 -1 -1
8 20 -38 0 -1 1
8 20 -37 0 -1 1
8 20 37 0 -1 -1
8 20 38 0 -1 -1
8 21 -37 0 -1 1
8 21 37 0 -1 -1
8 22 -37 0 -1 1
8 22 -36 0 -1 1
8 22 36 0 -1 -1
8 22 37 0 -1 -1
8 23 -36 0 -1 1
8 23 36 0 -1 -1
8 24 -36 0 -1 1
8 24 -35 0 -1 1
8 24 35 0 -1 -1
8 24 36 0 -1 -1
8 25 -35 0 -1 1
8 25 -34 0 -1 1
8 25 34 0 -1 -1
8 25 35 0 -1 -1
8 26 -34 0 -1 1
8 26 -33 0 -1 1
8 26 33 0 -1 -1
8 26 34 0 -1 -1
8 27 -33 0 -1 1
8 27 33 0 -1 -1
8 28 -33 0 -1 1
8 28 -32 0 -1 1
8 28 32 0 -1 -1
8 28 33 0 -1 -1
8 29 -32 0 -1 1
8 29 -31 0 -1 1
8 29 31 0 -1 -1
8 29 32 0 -1 -1
8 30 -31 0 -1 1
8 30 -30 0 -1 1
8 30 30 0 -1 -1
8 30 31 0 -1 -1
8 31 -30 0 -1 1
8 31 -29 0 -1 1
8 31 29 0 -1 -1
8 31 30 0 -1 -1
8 32 -29 0 -1 1
8 32 -28 0 -1 1
8 32 28 0 -1 -1
8 32 29 0 -1 -1
8 33 -28 0 -1 1
8 33 -27 0 -1 1
8 33 -26 0 -1 1
8 33 26 0 -1 -1
8 33 27 0 -1 -1
8 33 28 0 -1 -1
8 34 -26 0 -1 1
8 34 -25 0 -1 1
8 34 25 0 -1 -1
8 34 26 0 -1 -1
8 35 -25 0 -1 1
8 35 -24 0 -1 1
8 35 24 0 -1 -1
8 35 25 0 -1 -1
8 36 -24 0 -1 1
8 36 -23 0 -1 1
8 36 -22 0 -1 1
8 36 22 0 -1 -1
8 36 23 0 -1 -1
8 36 24 0 -1 -1
8 37 -22 0 -1 1
8 37 -21 0 -1 1
8 37 -20 0 -1 1
8 37 20 0 -1 -1
8 37 21 0 -1 -1
8 37 22 0 -1 -1
8 38 -20 0 -1 1
8 38 -19 0 -1 1
8 38 -18 0 -1 1
8 38 18 0 -1 -1
8 38 19 0 -1 -1
8 38 20 0 -1 -1
8 39 -18 0 -1 1
8 39 -17 0 -1 1
8 39 -16 0 -1 0
8 39 16 0 -1 0
8 39 17 0 -1 -1
8 39 18 0 -1 -1
8 40 -16 0 -1 1
8 40 -15 0 -1 0
8 40 -14 0 -1 0
8 40 -13 0 -1 0
8 40 13 0 -1 0
8 40 14 0 -1 0
8 40 15 0 -1 0
8 40 16 0 -1 -1
8 41 -13 0 -1 1
8 41 -12 0 -1 0
8 41 -11 0 -1 0
8 41 -10 0 -1 0
8 41 10 0 -1 0
8 41 11 0 -1 0
8 41 12 0 -1 0
8 41 13 0 -1 -1
8 42 -10 0 -1 1
8 42 -9 0 -1 0
8 42 -8 0 -1 0
8 42 -7 0 -1 0
8 42 -6 0 -1 0
8 42 -5 0 -1 0
8 42 -4 0 -1 0
8 42 -3 0 -1 0
8 42 -2 0 -1 0
8 42 -1 0 -1 0
8 42 0 0 -1 0
8 42 1 0 -1 0
8 42 2 0 -1 0
8 42 3 0 -1 0
8 42 4 0 -1 0
8 42 5 0 -1 0
8 42 6 0 -1 0
8 42 7 0 -1 0
8 42 8 0 -1 0
8 42 9 0 -1 0
8 42 10 0 -1 -1
9 1 -42 0 0 1
9 1 42 0 0 -1
9 2 -42 0 0 1
9 2 42 0 0 -1
9 3 -42 0 0 1
9 3 42 0 0 -1
9 4 -42 0 0 1
9 4 42 0 0 -1
9 5 -42 0 0 1
9 5 42 0 0 -1
9 6 -42 0 0 1
9 6 42 0 0 -1
9 7 -42 0 0 1
9 7 42 0 0 -1
9 8 -42 0 0 1
9 8 42 0 0 -1
9 9 -42 0 0 1
9 9 42 0 0 -1
9 10 -42 0 -1 1
9 10 -41 0 0 1
9 10 41 0 0 -1
9 10 42 0 -1 -1
9 11 -41 0 0 1
9 11 41 0 0 -1
9 12 -41 0 0 1
9 12 41 0 0 -1
9 13 -41 0 -1 1
9 13 -40 0 0 1
9 13 40 0 0 -1
9 13 41 0 -1 -1
9 14 -40 0 0 1
9 14 40 0 0 -1
9 15 -40 0 0 1
9 15 40 0 0 -1
9 16 -40 0 -1 1
9 16 -39 0 0 1
9 16 39 0 0 -1
9 16 40 0 -1 -1
9 17 -39 0 -1 1
9 17 39 0 -1 -1
9 18 -39 0 -1 1
9 18 -38 0 -1 1
9 18 38 0 -1 -1
9 18 39 0 -1 -1
9 19 -38 0 -1 1
9 19 38 0 -1 -1
9 20 -38 0 -1 1
9 20 -37 0 -1 1
9 20 37 0 -1 -1
9 20 38 0 -1 -1
9 21 -37 0 -1 1
9 21 37 0 -1 -1
9 22 -37 0 -1 1
9 22 -36 0 -1 1
9 22 36 0 -1 -1
9 22 37 0 -1 -1
9 23 -36 0 -1 1
9 23 36 0 -1 -1
9 24 -36 0 -1 1
9 24 -35 0 -1 1
9 24 35 0 -1 -1
9 24 36 0 -1 -1
9 25 -35 0 -1 1
9 25 -34 0 -1 1
9 25 34 0 -1 -1
9 25 35 0 -1 -1
9 26 -34 0 -1 1
9 26 -33 0 -1 1
9 26 33 0 -1 -1
9 26 34 0 -1 -1
9 27 -33 0 -1 1
9 27 33 0 -1 -1
9 28 -33 0 -1 1
9 28 -32 0 -1 1
9 28 32 0 -1 -1
9 28 33 0 -1 -1
9 29 -32 0 -1 1
9 29 -31 0 -1 1
9 29 31 0 -1 -1
9 29 32 0 -1 -1
9 30 -31 0 -1 1
9 30 -30 0 -1 1
9 30 30 0 -1 -1
9 30 31 0 -1 -1
9 31 -30 0 -1 1
9 31 -29 0 -1 1
9 31 29 0 -1 -1
9 31 30 0 -1 -1
9 32 -29 0 -1 1
9 32 -28 0 -1 1
9 32 28 0 -1 -1
9 32 29 0 -1 -1
9 33 -28 0 -1 1
9 33 -27 0 -1 1
9 33 -26 0 -1 1
9 33 26 0 -1 -1
9 33 27 0 -1 -1
9 33 28 0 -1 -1
9 34 -26 0 -1 1
9 34 -25 0 -1 1
9 34 25 0 -1 -1
9 34 26 0 -1 -1
9 35 -25 0 -1 1
9 35 -24 0 -1 1
9 35 24 0 -1 -1
9 35 25 0 -1 -1
9 36 -24 0 -1 1
9 36 -23 0 -1 1
9 36 -22 0 -1 1
9 36 22 0 -1 -1
9 36 23 0 -1 -1
9 36 24 0 -1 -1
9 37 -22 0 -1 1
9 37 -21 0 -1 1
9 37 -20 0 -1 1
9 37 20 0 -1 -1
9 37 21 0 -1 -1
9 37 22 0 -1 -1
9 38 -20 0 -1 1
9 38 -19 0 -1 1
9 38 -18 0 -1 1
9 38 18 0 -1 -1
9 38 19 0 -1 -1
9 38 20 0 -1 -1
9 39 -18 0 -1 1
9 39 -17 0 -1 1
9 39 -16 0 -1 0
9 39 16 0 -1 0
9 39 17 0 -1 -1
9 39 18 0 -1 -1
9 40 -16 0 -1 1
9 40 -15 0 -1 0
9 40 -14 0 -1 0
9 40 -13 0 -1 0
9 40 13 0 -1 0
9 40 14 0 -1 0
9 40 15 0 -1 0
9 40 16 0 -1 -1
9 41 -13 0 -1 1
9 41 -12 0 -1 0
9 41 -11 0 -1 0
9 41 -10 0 -1 0
9 41 10 0 -1 0
9 41 11 0 -1 0
9 41 12 0 -1 0
9 41 13 0 -1 -1
9 42 -10 0 -1 1
9 42 -9 0 -1 0
9 42 -8 0 -1 0
9 42 -7 0 -1 0
9 42 -6 0 -1 0
9 42 -5 0 -1 0
9 42 -4 0 -1 0
9 42 -3 0 -1 0
9 42 -2 0 -1 0
9 42 -1 0 -1 0
9 42 0 0 -1 0
9 42 1 0 -1 0
9 42 2 0 -1 0
9 42 3 0 -1 0
9 42 4 0 -1 0
9 42 5 0 -1 0
9 42 6 0 -1 0
9 42 7 0 -1 0
9 42 8 0 -1 0
9 42 9 0 -1 0
9 42 10 0 -1 -1
10 1 -42 0 0 1
10 1 42 0 0 -1
10 2 -42 0 0 1
10 2 42 0 0 -1
10 3 -42 0 0 1
10 3 42 0 0 -1
10 4 -42 0 0 1
10 4 42 0 0 -1
10 5 -42 0 0 1
10 5 42 0 0 -1
10 6 -42 0 0 1
10 6 42 0 0 -1
10 7 -42 0 0 1
10 7 42 0 0 -1
10 8 -42 0 0 1
10 8 42 0 0 -1
10 9 -42 0 0 1
10 9 42 0 0 -1
10 10 -42 0 -1 1
10 10 -41 0 0 1
10 10 41 0 0 -1
10 10 42 0 -1 -1
10 11 -41 0 0 1
10 11 41 0 0 -1
10 12 -41 0 0 1
10 12 41 0 0 -1
10 13 -41 0 -1 1
10 13 -40 0 0 1
10 13 40 0 0 -1
10 13 41 0 -1 -1
10 14 -40 0 0 1
10 14 40 0 0 -1
10 15 -40 0 0 1
10 15 40 0 0 -1
10 16 -40 0 -1 1
10 16 -39 0 0 1
10 16 39 0 0 -1
10 16 40 0 -1 -1
10 17 -39 0 -1 1
10 17 39 0 -1 -1
10 18 -39 0 -1 1
10 18 -38 0 -1 1
10 18 38 0 -1 -1
10 18 39 0 -1 -1
10 19 -38 0 -1 1
10 19 38 0 -1 -1
10 20 -38 0 -1 1
10 20 -37 0 -1 1
10 20 37 0 -1 -1
10 20 38 0 -1 -1
10 21 -37 0 -1 1
10 21 37 0 -1 -1
10 22 -37 0 -1 1
10 22 -36 0 -1 1
10 22 36 0 -1 -1
10 22 37 0 -1 -1
10 23 -36 0 -1 1
10 23 36 0 -1 -1
10 24 -36 0 -1 1
10 24 -35 0 -1 1
10 24 35 0 -1 -1
10 24 36 0 -1 -1
10 25 -35 0 -1 1
10 25 -34 0 -1 1
10 25 34 0 -1 -1
10 25 35 0 -1 -1
10 26 -34 0 -1 1
10 26 -33 0 -1 1
10 26 33 0 -1 -1
10 26 34 0 -1 -1
10 27 -33 0 -1 1
10 27 33 0 -1 -1
10 28 -33 0 -1 1
10 28 -32 0 -1 1
10 28 32 0 -1 -1
10 28 33 0 -1 -1
10 29 -32 0 -1 1
10 29 -31 0 -1 1
10 29 31 0 -1 -1
10 29 32 0 -1 -1
10 30 -31 0 -1 1
10 30 -30 0 -1 1
10 30 30 0 -1 -1
10 30 31 0 -1 -1
10 31 -30 0 -1 1
10 31 -29 0 -1 1
10 31 29 0 -1 -1
10 31 30 0 -1 -1
10 32 -29 0 -1 1
10 32 -28 0 -1 1
10 32 28 0 -1 -1
10 32 29 0 -1 -1
10 33 -28 0 -1 1
10 33 -27 0 -1 1
10 33 -26 0 -1 1
10 33 26 0 -1 -1
10 33 27 0 -1 -1
10 33 28 0 -1 -1
10 34 -26 0 -1 1
10 34 -25 0 -1 1
10 34 25 0 -1 -1
10 34 26 0 -1 -1
10 35 -25 0 -1 1
10 35 -24 0 -1 1
10 35 24 0 -1 -1
10 35 25 0 -1 -1
10 36 -24 0 -1 1
10 36 -23 0 -1 1
10 36 -22 0 -1 1
10 36 22 0 -1 -1
10 36 23 0 -1 -1
10 36 24 0 -1 -1
10 37 -22 0 -1 1
10 37 -21 0 -1 1
10 37 -20 0 -1 1
10 37 20 0 -1 -1
10 37 21 0 -1 -1
10 37 22 0 -1 -1
10 38 -20 0 -1 1
10 38 -19 0 -1 1
10 38 -18 0 -1 1
10 38 18 0 -1 -1
10 38 19 0 -1 -1
10 38 20 0 -1 -1
10 39 -18 0 -1 1
10 39 -17 0 -1 1
10 39 -16 0 -1 0
10 39 16 0 -1 0
10 39 17 0 -1 -1
10 39 18 0 -1 -1
10 40 -16 0 -1 1
10 40 -15 0 -1 0
10 40 -14 0 -1 0
10 40 -13 0 -1 0
10 40 13 0 -1 0
10 40 14 0 -1 0
10 40 15 0 -1 0
10 40 16 0 -1 -1
10 41 -13 0 -1 1
10 41 -12 0 -1 0
10 41 -11 0 -1 0
10 41 -10 0 -1 0
10 41 10 0 -1 0
10 41 11 0 -1 0
10 41 12 0 -1 0
10 41 13 0 -1 -1
10 42 -10 0 -1 1
10 42 -9 0 -1 0
10 42 -8 0 -1 0
10 42 -7 0 -1 0
10 42 -6 0 -1 0
10 42 -5 0 -1 0
10 42 -4 0 -1 0
10 42 -3 0 -1 0
10 42 -2 0 -1 0
10 42 -1 0 -1 0
10 42 0 0 -1 0
10 42 1 0 -1 0
10 42 2 0 -1 0
10 42 3 0 -1 0
10 42 4 0 -1 0
10 42 5 0 -1 0
10 42 6 0 -1 0
10 42 7 0 -1 0
10 42 8 0 -1 0
10 42 9 0 -1 0
10 42 10 0 -1 -1
11 1 -42 0 0 1
11 1 42 0 0 -1
11 2 -42 0 0 1
11 2 42 0 0 -1
11 3 -42 0 0 1
11 3 42 0 0 -1
11 4 -42 0 0 1
11 4 42 0 0 -1
11 5 -42 0 0 1
11 5 42 0 0 -1
11 6 -42 0 0 1
11 6 42 0 0 -1
11 7 -42 0 0 1
11 7 42 0 0 -1
11 8 -42 0 0 1
11 8 42 0 0 -1
11 9 -42 0 0 1
11 9 42 0 0 -1
11 10 -42 0 -1 1
11 10 -41 0 0 1
11 10 41 0 0 -1
11 10 42 0 -1 -1
11 11 -41 0 0 1
11 11 41 0 0 -1
11 12 -41 0 0 1
11 12 41 0 0 -1
11 13 -41 0 -1 1
11 13 -40 0 0 1
11 13 40 0 0 -1
11 13 41 0 -1 -1
11 14 -40 0 0 1
11 14 40 0 0 -1
11 15 -40 0 0 1
11 15 40 0 0 -1
11 16 -40 0 -1 1
11 16 -39 0 0 1
11 16 39 0 0 -1
11 16 40 0 -1 -1
11 17 -39 0 -1 1
11 17 39 0 -1 -1
11 18 -39 0 -1 1
11 18 -38 0 -1 1
11 18 38 0 -1 -1
11 18 39 0 -1 -1
11 19 -38 0 -1 1
11 19 38 0 -1 -1
11 20 -38 0 -1 1
11 20 -37 0 -1 1
11 20 37 0 -1 -1
11 20 38 0 -1 -1
11 21 -37 0 -1 1
11 21 37 0 -1 -1
11 22 -37 0 -1 1
11 22 -36 0 -1 1
11 22 36 0 -1 -1
11 22 37 0 -1 -1
11 23 -36 0 -1 1
11 23 36 0 -1 -1
11 24 -36 0 -1 1
11 24 -35 0 -1 1
11 24 35 0 -1 -1
11 24 36 0 -1 -1
11 25 -35 0 -1 1
11 25 -34 0 -1 1
11 25 34 0 -1 -1
11 25 35 0 -1 -1
11 26 -34 0 -1 1
11 26 -33 0 -1 1
11 26 33 0 -1 -1
11 26 34 0 -1 -1
11 27 -33 0 -1 1
11 27 33 0 -1 -1
11 28 -33 0 -1 1
11 28 -32 0 -1 1
11 28 32 0 -1 -1
11 28 33 0 -1 -1
11 29 -32 0 -1 1
11 29 -31 0 -1 1
11 29 31 0 -1 -1
11 29 32 0 -1 -1
11 30 -31 0 -1 1
11 30 -30 0 -1 1
11 30 30 0 -1 -1
11 30 31 0 -1 -1
11 31 -30 0 -1 1
11 31 -29 0 -1 1
11 31 29 0 -1 -1
11 31 30 0 -1 -1
11 32 -29 0 -1 1
11 32 -28 0 -1 1
11 32 28 0 -1 -1
11 32 29 0 -1 -1
11 33 -28 0 -1 1
11 33 -27 0 -1 1
11 33 -26 0 -1 1
11 33 26 0 -1 -1
11 33 27 0 -1 -1
11 33 28 0 -1 -1
11 34 -26 0 -1 1
11 34 -25 0 -1 1
11 34 25 0 -1 -1
11 34 26 0 -1 -1
11 35 -25 0 -1 1
11 35 -24 0 -1 1
11 35 24 0 -1 -1
11 35 25 0 -1 -1
11 36 -24 0 -1 1
11 36 -23 0 -1 1
11 36 -22 0 -1 1
11 36 22 0 -1 -1
11 36 23 0 -1 -1
11 36 24 0 -1 -1
11 37 -22 0 -1 1
11 37 -21 0 -1 1
11 37 -20 0 -1 1
11 37 20 0 -1 -1
11 37 21 0 -1 -1
11 37 22 0 -1 -1
11 38 -20 0 -1 1
11 38 -19 0 -1 1
11 38 -18 0 -1 1
11 38 18 0 -1 -1
11 38 19 0 -1 -1
11 38 20 0 -1 -1
11 39 -18 0 -1 1
11 39 -17 0 -1 1
11 39 -16 0 -1 0
11 39 16 0 -1 0
11 39 17 0 -1 -1
11 39 18 0 -1 -1
11 40 -16 0 -1 1
11 40 -15 0 -1 0
11 40 -14 0 -1 0
11 40 -13 0 -1 0
11 40 13 0 -1 0
11 40 14 0 -1 0
11 40 15 0 -1 0
11 40 16 0 -1 -1
11 41 -13 0 -1 1
11 41 -12 0 -1 0
11 41 -11 0 -1 0
11 41 -10 0 -1 0
11 41 10 0 -1 0
11 41 11 0 -1 0
11 41 12 0 -1 0
11 41 13 0 -1 -1
11 42 -10 0 -1 1
11 42 -9 0 -1 0
11 42 -8 0 -1 0
11 42 -7 0 -1 0
11 42 -6 0 -1 0
11 42 -5 0 -1 0
11 42 -4 0 -1 0
11 42 -3 0 -1 0
11 42 -2 0 -1 0
11 42 -1 0 -1 0
11 42 0 0 -1 0
11 42 1 0 -1 0
11 42 2 0 -1 0
11 42 3 0 -1 0
11 42 4 0 -1 0
11 42 5 0 -1 0
11 42 6 0 -1 0
11 42 7 0 -1 0
11 42 8 0 -1 0
11 42 9 0 -1 0
11 42 10 0 -1 -1
12 1 -42 0 0 1
12 1 42 0 0 -1
12 2 -42 0 0 1
12 2 42 0 0 -1
12 3 -42 0 0 1
12 3 42 0 0 -1
12 4 -42 0 0 1
12 4 42 0 0 -1
12 5 -42 0 0 1
12 5 42 0 0 -1
12 6 -42 0 0 1
12 6 42 0 0 -1
12 7 -42 0 0 1
12 7 42 0 0 -1
12 8 -42 0 0 1
12 8 42 0 0 -1
12 9 -42 0 0 1
12 9 42 0 0 -1
12 10 -42 0 -1 1
12 10 -41 0 0 1
12 10 41 0 0 -1
12 10 42 0 -1 -1
12 11 -41 0 0 1
12 11 41 0 0 -1
12 12 -41 0 0 1
12 12 41 0 0 -1
12 13 -41 0 -1 1
12 13 -40 0 0 1
12 13 40 0 0 -1
12 13 41 0 -1 -1
12 14 -40 0 0 1
12 14 40 0 0 -1
12 15 -40 0 0 1
12 15 40 0 0 -1
12 16 -40 0 -1 1
12 16 -39 0 0 1
12 16 39 0 0 -1
12 16 40 0 -1 -1
12 17 -39 0 -1 1
12 17 39 0 -1 -1
12 18 -39 0 -1 1
12 18 -38 0 -1 1
12 18 38 0 -1 -1
12 18 39 0 -1 -1
12 19 -38 0 -1 1
12 19 38 0 -1 -1
12 20 -38 0 -1 1
12 20 -37 0 -1 1
12 20 37 0 -1 -1
12 20 38 0 -1 -1
12 21 -37 0 -1 1
12 21 37 0 -1 -1
12 22 -37 0 -1 1
12 22 -36 0 -1 1
12 22 36 0 -1 -1
12 22 37 0 -1 -1
12 23 -36 0 -1 1
12 23 36 0 -1 -1
12 24 -36 0 -1 1
12 24 -35 0 -1 1
12 24 35 0 -1 -1
12 24 36 0 -1 -1
12 25 -35 0 -1 1
12 25 -34 0 -1 1
12 25 34 0 -1 -1
12 25 35 0 -1 -1
12 26 -34 0 -1 1
12 26 -33 0 -1 1
12 26 33 0 -1 -1
12 26 34 0 -1 -1
12 27 -33 0 -1 1
12 27 33 0 -1 -1
12 28 -33 0 -1 1
12 28 -32 0 -1 1
12 28 32 0 -1 -1
12 28 33 0 -1 -1
12 29 -32 0 -1 1
12 29 -31 0 -1 1
12 29 31 0 -1 -1
12 29 32 0 -1 -1
12 30 -31 0 -1 1
12 30 -30 0 -1 1
12 30 30 0 -1 -1
12 30 31 0 -1 -1
12 31 -30 0 -1 1
12 31 -29 0 -1 1
12 31 29 0 -1 -1
12 31 30 0 -1 -1
12 32 -29 0 -1 1
12 32 -28 0 -1 1
12 32 28 0 -1 -1
12 32 29 0 -1 -1
12 33 -28 0 -1 1
12 33 -27 0 -1 1
12 33 -26 0 -1 1
12 33 26 0 -1 -1
12 33 27 0 -1 -1
12 33 28 0 -1 -1
12 34 -26 0 -1 1
12 34 -25 0 -1 1
12 34 25 0 -1 -1
12 34 26 0 -1 -1
12 35 -25 0 -1 1
12 35 -24 0 -1 1
12 35 24 0 -1 -1
12 35 25 0 -1 -1
12 36 -24 0 -1 1
12 36 -23 0 -1 1
12 36 -22 0 -1 1
12 36 22 0 -1 -1
12 36 23 0 -1 -1
12 36 24 0 -1 -1
12 37 -22 0 -1 1
12 37 -21 0 -1 1
12 37 -20 0 -1 1
12 37 20 0 -1 -1
12 37 21 0 -1 -1
12 37 22 0 -1 -1
12 38 -20 0 -1 1
12 38 -19 0 -1 1
12 38 -18 0 -1 1
12 38 18 0 -1 -1
12 38 19 0 -1 -1
12 38 20 0 -1 -1
12 39 -18 0 -1 1
12 39 -17 0 -1 1
12 39 -16 0 -1 0
12 39 16 0 -1 0
12 39 17 0 -1 -1
12 39 18 0 -1 -1
12 40 -16 0 -1 1
12 40 -15 0 -1 0
12 40 -14 0 -1 0
12 40 -13 0 -1 0
12 40 13 0 -1 0
12 40 14 0 -1 0
12 40 15 0 -1 0
12 40 16 0 -1 -1
12 41 -13 0 -1 1
12 41 -12 0 -1 0
12 41 -11 0 -1 0
12 41 -10 0 -1 0
12 41 10 0 -1 0
12 41 11 0 -1 0
12 41 12 0 -1 0
12 41 13 0 -1 -1
12 42 -10 0 -1 1
12 42 -9 0 -1 0
12 42 -8 0 -1 0
12 42 -7 0 -1 0
12 42 -6 0 -1 0
12 42 -5 0 -1 0
12 42 -4 0 -1 0
12 42 -3 0 -1 0
12 42 -2 0 -1 0
12 42 -1 0 -1 0
12 42 0 0 -1 0
12 42 1 0 -1 0
12 42 2 0 -1 0
12 42 3 0 -1 0
12 42 4 0 -1 0
12 42 5 0 -1 0
12 42 6 0 -1 0
12 42 7 0 -1 0
12 42 8 0 -1 0
12 42 9 0 -1 0
12 42 10 0 -1 -1
13 1 -42 0 0 1
13 1 42 0 0 -1
13 2 -42 0 0 1
13 2 42 0 0 -1
13 3 -42 0 0 1
13 3 42 0 0 -1
13 4 -42 0 0 1
13 4 42 0 0 -1
13 5 -42 0 0 1
13 5 42 0 0 -1
13 6 -42 0 0 1
13 6 42 0 0 -1
13 7 -42 0 0 1
13 7 42 0 0 -1
13 8 -42 0 0 1
13 8 42 0 0 -1
13 9 -42 0 0 1
13 9 42 0 0 -1
13 10 -42 0 -1 1
13 10 -41 0 0 1
13 10 41 0 0 -1
13 10 42 0 -1 -1
13 11 -41 0 0 1
13 11 41 0 0 -1
13 12 -41 0 0 1
13 12 41 0 0 -1
13 13 -41 0 -1 1
13 13 -40 0 0 1
13 13 40 0 0 -1
13 13 41 0 -1 -1
13 14 -40 0 0 1
13 14 40 0 0 -1
13 15 -40 0 0 1
13 15 40 0 0 -1
13 16 -40 0 -1 1
13 16 -39 0 0 1
13 16 39 0 0 -1
13 16 40 0 -1 -1
13 17 -39 0 -1 1
13 17 39 0 -1 -1
13 18 -39 0 -1 1
13 18 -38 0 -1 1
13 18 38 0 -1 -1
13 18 39 0 -1 -1
13 19 -38 0 -1 1
13 19 38 0 -1 -1
13 20 -38 0 -1 1
13 20 -37 0 -1 1
13 20 37 0 -1 -1
13 20 38 0 -1 -1
13 21 -37 0 -1 1
13 21 37 0 -1 -1
13 22 -37 0 -1 1
13 22 -36 0 -1 1
13 22 36 0 -1 -1
13 22 37 0 -1 -1
13 23 -36 0 -1 1
13 23 36 0 -1 -1
13 24 -36 0 -1 1
13 24 -35 0 -1 1
13 24 35 0 -1 -1
13 24 36 0 -1 -1
13 25 -35 0 -1 1
13 25 -34 0 -1 1
13 25 34 0 -1 -1
13 25 35 0 -1 -1
13 26 -34 0 -1 1
13 26 -33 0 -1 1
13 26 33 0 -1 -1
13 26 34 0 -1 -1
13 27 -33 0 -1 1
13 27 33 0 -1 -1
13 28 -33 0 -1 1
13 28 -32 0 -1 1
13 28 32 0 -1 -1
13 28 33 0 -1 -1
13 29 -32 0 -1 1
13 29 -31 0 -1 1
13 29 31 0 -1 -1
13 29 32 0 -1 -1
13 30 -31 0 -1 1
13 30 -30 0 -1 1
13 30 30 0 -1 -1
13 30 31 0 -1 -1
13 31 -30 0 -1 1
13 31 -29 0 -1 1
13 31 29 0 -1 -1
13 31 30 0 -1 -1
13 32 -29 0 -1 1
13 32 -28 0 -1 1
13 32 28 0 -1 -1
13 32 29 0 -1 -1
13 33 -28 0 -1 1
13 33 -27 0 -1 1
13 33 -26 0 -1 1
13 33 26 0 -1 -1
13 33 27 0 -1 -1
13 33 28 0 -1 -1
13 34 -26 0 -1 1
13 34 -25 0 -1 1
13 34 25 0 -1 -1
13 34 26 0 -1 -1
13 35 -25 0 -1 1
13 35 -24 0 -1 1
13 35 24 0 -1 -1
13 35 25 0 -1 -1
13 36 -24 0 -1 1
13 36 -23 0 -1 1
13 36 -22 0 -1 1
13 36 22 0 -1 -1
13 36 23 0 -1 -1
13 36 24 0 -1 -1
13 37 -22 0 -1 1
13 37 -21 0 -1 1
13 37 -20 0 -1 1
13 37 20 0 -1 -1
13 37 21 0 -1 -1
13 37 22 0 -1 -1
13 38 -20 0 -1 1
13 38 -19 0 -1 1
13 38 -18 0 -1 1
13 38 18 0 -1 -1
13 38 19 0 -1 -1
13 38 20 0 -1 -1
13 39 -18 0 -1 1
13 39 -17 0 -1 1
13 39 -16 0 -1 0
13 39 16 0 -1 0
13 39 17 0 -1 -1
13 39 18 0 -1 -1
13 40 -16 0 -1 1
13 40 -15 0 -1 0
13 40 -14 0 -1 0
13 40 -13 0 -1 0
13 40 13 0 -1 0
13 40 14 0 -1 0
13 40 15 0 -1 0
13 40 16 0 -1 -1
13 41 -13 0 -1 1
13 41 -12 0 -1 0
13 41 -11 0 -1 0
13 41 -10 0 -1 0
13 41 10 0 -1 0
13 41 11 0 -1 0
13 41 12 0 -1 0
13 41 13 0 -1 -1
13 42 -10 0 -1 1
13 42 -9 0 -1 0
13 42 -8 0 -1 0
13 42 -7 0 -1 0
13 42 -6 0 -1 0
13 42 -5 0 -1 0
13 42 -4 0 -1 0
13 42 -3 0 -1 0
13 42 -2 0 -1 0
13 42 -1 0 -1 0
13 42 0 0 -1 0
13 42 1 0 -1 0
13 42 2 0 -1 0
13 42 3 0 -1 0
13 42 4 0 -1 0
13 42 5 0 -1 0
13 42 6 0 -1 0
13 42 7 0 -1 0
13 42 8 0 -1 0
13 42 9 0 -1 0
13 42 10 0 -1 -1
14 1 -42 0 0 1
14 1 42 0 0 -1
14 2 -42 0 0 1
14 2 42 0 0 -1
14 3 -42 0 0 1
14 3 42 0 0 -1
14 4 -42 0 0 1
14 4 42 0 0 -1
14 5 -42 0 0 1
14 5 42 0 0 -1
14 6 -42 0 0 1
14 6 42 0 0 -1
14 7 -42 0 0 1
14 7 42 0 0 -1
14 8 -42 0 0 1
14 8 42 0 0 -1
14 9 -42 0 0 1
14 9 42 0 0 -1
14 10 -42 0 -1 1
14 10 -41 0 0 1
14 10 41 0 0 -1
14 10 42 0 -1 -1
14 11 -41 0 0 1
14 11 41 0 0 -1
14 12 -41 0 0 1
14 12 41 0 0 -1
14 13 -41 0 -1 1
14 13 -40 0 0 1
14 13 40 0 0 -1
14 13 41 0 -1 -1
14 14 -40 0 0 1
14 14 40 0 0 -1
14 15 -40 0 0 1
14 15 40 0 0 -1
14 16 -40 0 -1 1
14 16 -39 0 0 1
14 16 39 0 0 -1
14 16 40 0 -1 -1
14 17 -39 0 -1 1
14 17 39 0 -1 -1
14 18 -39 0 -1 1
14 18 -38 0 -1 1
14 18 38 0 -1 -1
14 18 39 0 -1 -1
14 19 -38 0 -1 1
14 19 38 0 -1 -1
14 20 -38 0 -1 1
14 20 -37 0 -1 1
14 20 37 0 -1 -1
14 20 38 0 -1 -1
14 21 -37 0 -1 1
14 21 37 0 -1 -1
14 22 -37 0 -1 1
14 22 -36 0 -1 1
14 22 36 0 -1 -1
14 22 37 0 -1 -1
14 23 -36 0 -1 1
14 23 36 0 -1 -1
14 24 -36 0 -1 1
14 24 -35 0 -1 1
14 24 35 0 -1 -1
14 24 36 0 -1 -1
14 25 -35 0 -1 1
14 25 -34 0 -1 1
14 25 34 0 -1 -1
14 25 35 0 -1 -1
14 26 -34 0 -1 1
14 26 -33 0 -1 1
14 26 33 0 -1 -1
14 26 34 0 -1 -1
14 27 -33 0 -1 1
14 27 33 0 -1 -1
14 28 -33 0 -1 1
14 28 -32 0 -1 1
14 28 32 0 -1 -1
14 28 33 0 -1 -1
14 29 -32 0 -1 1
14 29 -31 0 -1 1
14 29 31 0 -1 -1
14 29 32 0 -1 -1
14 30 -31 0 -1 1
14 30 -30 0 -1 1
14 30 30 0 -1 -1
14 30 31 0 -1 -1
14 31 -30 0 -1 1
14 31 -29 0 -1 1
14 31 29 0 -1 -1
14 31 30 0 -1 -1
14 32 -29 0 -1 1
14 32 -28 0 -1 1
14 32 28 0 -1 -1
14 32 29 0 -1 -1
14 33 -28 0 -1 1
14 33 -27 0 -1 1
14 33 -26 0 -1 1
14 33 26 0 -1 -1
14 33 27 0 -1 -1
14 33 28 0 -1 -1
14 34 -26 0 -1 1
14 34 -25 0 -1 1
14 34 25 0 -1 -1
14 34 26 0 -1 -1
14 35 -25 0 -1 1
14 35 -24 0 -1 1
14 35 24 0 -1 -1
14 35 25 0 -1 -1
14 36 -24 0 -1 1
14 36 -23 0 -1 1
14 36 -22 0 -1 1
14 36 22 0 -1 -1
14 36 23 0 -1 -1
14 36 24 0 -1 -1
14 37 -22 0 -1 1
14 37 -21 0 -1 1
14 37 -20 0 -1 1
14 37 20 0 -1 -1
14 37 21 0 -1 -1
14 37 22 0 -1 -1
14 38 -20 0 -1 1
14 38 -19 0 -1 1
14 38 -18 0 -1 1
14 38 18 0 -1 -1
14 38 19 0 -1 -1
14 38 20 0 -1 -1
14 39 -18 0 -1 1
14 39 -17 0 -1 1
14 39 -16 0 -1 0
14 39 16 0 -1 0
14 39 17 0 -1 -1
14 39 18 0 -1 -1
14 40 -16 0 -1 1
14 40 -15 0 -1 0
14 40 -14 0 -1 0
14 40 -13 0 -1 0
14 40 13 0 -1 0
14 40 14 0 -1 0
14 40 15 0 -1 0
14 40 16 0 -1 -1
14 41 -13 0 -1 1
14 41 -12 0 -1 0
14 41 -11 0 -1 0
14 41 -10 0 -1 0
14 41 10 0 -1 0
14 41 11 0 -1 0
14 41 12 0 -1 0
14 41 13 0 -1 -1
14 42 -10 0 -1 1
14 42 -9 0 -1 0
14 42 -8 0 -1 0
14 42 -7 0 -1 0
14 42 -6 0 -1 0
14 42 -5 0 -1 0
14 42 -4 0 -1 0
14 42 -3 0 -1 0
14 42 -2 0 -1 0
14 42 -1 0 -1 0
14 42 0 0 -1 0
14 42 1 0 -1 0
14 42 2 0 -1 0
14 42 3 0 -1 0
14 42 4 0 -1 0
14 42 5 0 -1 0
14 42 6 0 -1 0
14 42 7 0 -1 0
14 42 8 0 -1 0
14 42 9 0 -1 0
14 42 10 0 -1 -1
15 1 -42 0 0 1
15 1 42 0 0 -1
15 2 -42 0 0 1
15 2 42 0 0 -1
15 3 -42 0 0 1
15 3 42 0 0 -1
15 4 -42 0 0 1
15 4 42 0 0 -1
15 5 -42 0 0 1
15 5 42 0 0 -1
15 6 -42 0 0 1
15 6 42 0 0 -1
15 7 -42 0 0 1
15 7 42 0 0 -1
15 8 -42 0 0 1
15 8 42 0 0 -1
15 9 -42 0 0 1
15 9 42 0 0 -1
15 10 -42 0 -1 1
15 10 -41 0 0 1
15 10 41 0 0 -1
15 10 42 0 -1 -1
15 11 -41 0 0 1
15 11 41 0 0 -1
15 12 -41 0 0 1
15 12 41 0 0 -1
15 13 -41 0 -1 1
15 13 -40 0 0 1
15 13 40 0 0 -1
15 13 41 0 -1 -1
15 14 -40 0 0 1
15 14 40 0 0 -1
15 15 -40 0 0 1
15 15 40 0 0 -1
15 16 -40 0 -1 1
15 16 -39 0 0 1
15 16 39 0 0 -1
15 16 40 0 -1 -1
15 17 -39 0 -1 1
15 17 39 0 -1 -1
15 18 -39 0 -1 1
15 18 -38 0 -1 1
15 18 38 0 -1 -1
15 18 39 0 -1 -1
15 19 -38 0 -1 1
15 19 38 0 -1 -1
15 20 -38 0 -1 1
15 20 -37 0 -1 1
15 20 37 0 -1 -1
15 20 38 0 -1 -1
15 21 -37 0 -1 1
15 21 37 0 -1 -1
15 22 -37 0 -1 1
15 22 -36 0 -1 1
15 22 36 0 -1 -1
15 22 37 0 -1 -1
15 23 -36 0 -1 1
15 23 36 0 -1 -1
15 24 -36 0 -1 1
15 24 -35 0 -1 1
15 24 35 0 -1 -1
15 24 36 0 -1 -1
15 25 -35 0 -1 1
15 25 -34 0 -1 1
15 25 34 0 -1 -1
15 25 35 0 -1 -1
15 26 -34 0 -1 1
15 26 -33 0 -1 1
15 26 33 0 -1 -1
15 26 34 0 -1 -1
15 27 -33 0 -1 1
15 27 33 0 -1 -1
15 28 -33 0 -1 1
15 28 -32 0 -1 1
15 28 32 0 -1 -1
15 28 33 0 -1 -1
15 29 -32 0 -1 1
15 29 -31 0 -1 1
15 29 31 0 -1 -1
15 29 32 0 -1 -1
15 30 -31 0 -1 1
15 30 -30 0 -1 1
15 30 30 0 -1 -1
15 30 31 0 -1 -1
15 31 -30 0 -1 1
15 31 -29 0 -1 1
15 31 29 0 -1 -1
15 31 30 0 -1 -1
15 32 -29 0 -1 1
15 32 -28 0 -1 1
15 32 28 0 -1 -1
15 32 29 0 -1 -1
15 33 -28 0 -1 1
15 33 -27 0 -1 1
15 33 -26 0 -1 1
15 33 26 0 -1 -1
15 33 27 0 -1 -1
15 33 28 0 -1 -1
15 34 -26 0 -1 1
15 34 -25 0 -1 1
15 34 25 0 -1 -1
15 34 26 0 -1 -1
15 35 -25 0 -1 1
15 35 -24 0 -1 1
15 35 24 0 -1 -1
15 35 25 0 -1 -1
15 36 -24 0 -1 1
15 36 -23 0 -1 1
15 36 -22 0 -1 1
15 36 22 0 -1 -1
15 36 23 0 -1 -1
15 36 24 0 -1 -1
15 37 -22 0 -1 1
15 37 -21 0 -1 1
15 37 -20 0 -1 1
15 37 20 0 -1 -1
15 37 21 0 -1 -1
15 37 22 0 -1 -1
15 38 -20 0 -1 1
15 38 -19 0 -1 1
15 38 -18 0 -1 1
15 38 18 0 -1 -1
15 38 19 0 -1 -1
15 38 20 0 -1 -1
15 39 -18 0 -1 1
15 39 -17 0 -1 1
15 39 -16 0 -1 0
15 39 16 0 -1 0
15 39 17 0 -1 -1
15 39 18 0 -1 -1
15 40 -16 0 -1 1
15 40 -15 0 -1 0
15 40 -14 0 -1 0
15 40 -13 0 -1 0
15 40 13 0 -1 0
15 40 14 0 -1 0
15 40 15 0 -1 0
15 40 16 0 -1 -1
15 41 -13 0 -1 1
15 41 -12 0 -1 0
15 41 -11 0 -1 0
15 41 -10 0 -1 0
15 41 10 0 -1 0
15 41 11 0 -1 0
15 41 12 0 -1 0
15 41 13 0 -1 -1
15 42 -10 0 -1 1
15 42 -9 0 -1 0
15 42 -8 0 -1 0
15 42 -7 0 -1 0
15 42 -6 0 -1 0
15 42 -5 0 -1 0
15 42 -4 0 -1 0
15 42 -3 0 -1 0
15 42 -2 0 -1 0
15 42 -1 0 -1 0
15 42 0 0 -1 0
15 42 1 0 -1 0
15 42 2 0 -1 0
15 42 3 0 -1 0
15 42 4 0 -1 0
15 42 5 0 -1 0
15 42 6 0 -1 0
15 42 7 0 -1 0
15 42 8 0 -1 0
15 42 9 0 -1 0
15 42 10 0 -1 -1
16 1 -42 0 0 1
16 1 42 0 0 -1
16 2 -42 0 0 1
16 2 42 0 0 -1
16 3 -42 0 0 1
16 3 42 0 0 -1
16 4 -42 0 0 1
16 4 42 0 0 -1
16 5 -42 0 0 1
16 5 42 0 0 -1
16 6 -42 0 0 1
16 6 42 0 0 -1
16 7 -42 0 0 1
16 7 42 0 0 -1
16 8 -42 0 0 1
16 8 42 0 0 -1
16 9 -42 0 0 1
16 9 42 0 0 -1
16 10 -42 0 -1 1
16 10 -41 0 0 1
16 10 41 0 0 -1
16 10 42 0 -1 -1
16 11 -41 0 0 1
16 11 41 0 0 -1
16 12 -41 0 0 1
16 12 41 0 0 -1
16 13 -41 0 -1 1
16 13 -40 0 0 1
16 13 40 0 0 -1
16 13 41 0 -1 -1
16 14 -40 0 0 1
16 14 40 0 0 -1
16 15 -40 0 0 1
16 15 40 0 0 -1
16 16 -40 0 -1 1
16 16 -39 0 0 1
16 16 39 0 0 -1
16 16 40 0 -1 -1
16 17 -39 0 -1 1
16 17 39 0 -1 -1
16 18 -39 0 -1 1
16 18 -38 0 -1 1
16 18 38 0 -1 -1
16 18 39 0 -1 -1
16 19 -38 0 -1 1
16 19 38 0 -1 -1
16 20 -38 0 -1 1
16 20 -37 0 -1 1
16 20 37 0 -1 -1
16 20 38 0 -1 -1
16 21 -37 0 -1 1
16 21 37 0 -1 -1
16 22 -37 0 -1 1
16 22 -36 0 -1 1
16 22 36 0 -1 -1
16 22 37 0 -1 -1
16 23 -36 0 -1 1
16 23 36 0 -1 -1
16 24 -36 0 -1 1
16 24 -35 0 -1 1
16 24 35 0 -1 -1
16 24 36 0 -1 -1
16 25 -35 0 -1 1
16 25 -34 0 -1 1
16 25 34 0 -1 -1
16 25 35 0 -1 -1
16 26 -34 0 -1 1
16 26 -33 0 -1 1
16 26 33 0 -1 -1
16 26 34 0 -1 -1
16 27 -33 0 -1 1
16 27 33 0 -1 -1
16 28 -33 0 -1 1
16 28 -32 0 -1 1
16 28 32 0 -1 -1
16 28 33 0 -1 -1
16 29 -32 0 -1 1
16 29 -31 0 -1 1
16 29 31 0 -1 -1
16 29 32 0 -1 -1
16 30 -31 0 -1 1
16 30 -30 0 -1 1
16 30 30 0 -1 -1
16 30 31 0 -1 -1
16 31 -30 0 -1 1
16 31 -29 0 -1 1
16 31 29 0 -1 -1
16 31 30 0 -1 -1
16 32 -29 0 -1 1
16 32 -28 0 -1 1
16 32 28 0 -1 -1
16 32 29 0 -1 -1
16 33 -28 0 -1 1
16 33 -27 0 -1 1
16 33 -26 0 -1 1
16 33 26 0 -1 -1
16 33 27 0 -1 -1
16 33 28 0 -1 -1
16 34 -26 0 -1 1
16 34 -25 0 -1 1
16 34 25 0 -1 -1
16 34 26 0 -1 -1
16 35 -25 0 -1 1
16 35 -24 0 -1 1
16 35 24 0 -1 -1
16 35 25 0 -1 -1
16 36 -24 0 -1 1
16 36 -23 0 -1 1
16 36 -22 0 -1 1
16 36 22 0 -1 -1
16 36 23 0 -1 -1
16 36 24 0 -1 -1
16 37 -22 0 -1 1
16 37 -21 0 -1 1
16 37 -20 0 -1 1
16 37 20 0 -1 -1
16 37 21 0 -1 -1
16 37 22 0 -1 -1
16 38 -20 0 -1 1
16 38 -19 0 -1 1
16 38 -18 0 -1 1
16 38 18 0 -1 -1
16 38 19 0 -1 -1
16 38 20 0 -1 -1
16 39 -18 0 -1 1
16 39 -17 0 -1 1
16 39 -16 0 -1 0
16 39 16 0 -1 0
16 39 17 0 -1 -1
16 39 18 0 -1 -1
16 40 -16 0 -1 1
16 40 -15 0 -1 0
16 40 -14 0 -1 0
16 40 -13 0 -1 0
16 40 13 0 -1 0
16 40 14 0 -1 0
16 40 15 0 -1 0
16 40 16 0 -1 -1
16 41 -13 0 -1 1
16 41 -12 0 -1 0
16 41 -11 0 -1 0
16 41 -10 0 -1 0
16 41 10 0 -1 0
16 41 11 0 -1 0
16 41 12 0 -1 0
16 41 13 0 -1 -1
16 42 -10 0 -1 1
16 42 -9 0 -1 0
16 42 -8 0 -1 0
16 42 -7 0 -1 0
16 42 -6 0 -1 0
16 42 -5 0 -1 0
16 42 -4 0 -1 0
16 42 -3 0 -1 0
16 42 -2 0 -1 0
16 42 -1 0 -1 0
16 42 0 0 -1 0
16 42 1 0 -1 0
16 42 2 0 -1 0
16 42 3 0 -1 0
16 42 4 0 -1 0
16 42 5 0 -1 0
16 42 6 0 -1 0
16 42 7 0 -1 0
16 42 8 0 -1 0
16 42 9 0 -1 0
16 42 10 0 -1 -1
17 1 -42 0 0 1
17 1 42 0 0 -1
17 2 -42 0 0 1
17 2 42 0 0 -1
17 3 -42 0 0 1
17 3 42 0 0 -1
17 4 -42 0 0 1
17 4 42 0 0 -1
17 5 -42 0 0 1
17 5 42 0 0 -1
17 6 -42 0 0 1
17 6 42 0 0 -1
17 7 -42 0 0 1
17 7 42 0 0 -1
17 8 -42 0 0 1
17 8 42 0 0 -1
17 9 -42 0 0 1
17 9 42 0 0 -1
17 10 -42 0 -1 1
17 10 -41 0 0 1
17 10 41 0 0 -1
17 10 42 0 -1 -1
17 11 -41 0 0 1
17 11 41 0 0 -1
17 12 -41 0 0 1
17 12 41 0 0 -1
17 13 -41 0 -1 1
17 13 -40 0 0 1
17 13 40 0 0 -1
17 13 41 0 -1 -1
17 14 -40 0 0 1
17 14 40 0 0 -1
17 15 -40 0 0 1
17 15 40 0 0 -1
17 16 -40 0 -1 1
17 16 -39 0 0 1
17 16 39 0 0 -1
17 16 40 0 -1 -1
17 17 -39 0 -1 1
17 17 39 0 -1 -1
17 18 -39 0 -1 1
17 18 -38 0 -1 1
17 18 38 0 -1 -1
17 18 39 0 -1 -1
17 19 -38 0 -1 1
17 19 38 0 -1 -1
17 20 -38 0 -1 1
17 20 -37 0 -1 1
17 20 37 0 -1 -1
17 20 38 0 -1 -1
17 21 -37 0 -1 1
17 21 37 0 -1 -1
17 22 -37 0 -1 1
17 22 -36 0 -1 1
17 22 36 0 -1 -1
17 22 37 0 -1 -1
17 23 -36 0 -1 1
17 23 36 0 -1 -1
17 24 -36 0 -1 1
17 24 -35 0 -1 1
17 24 35 0 -1 -1
17 24 36 0 -1 -1
17 25 -35 0 -1 1
17 25 -34 0 -1 1
17 25 34 0 -1 -1
17 25 35 0 -1 -1
17 26 -34 0 -1 1
17 26 -33 0 -1 1
17 26 33 0 -1 -1
17 26 34 0 -1 -1
17 27 -33 0 -1 1
17 27 33 0 -1 -1
17 28 -33 0 -1 1
17 28 -32 0 -1 1
17 28 32 0 -1 -1
17 28 33 0 -1 -1
17 29 -32 0 -1 1
17 29 -31 0 -1 1
17 29 31 0 -1 -1
17 29 32 0 -1 -1
17 30 -31 0 -1 1
17 30 -30 0 -1 1
17 30 30 0 -1 -1
17 30 31 0 -1 -1
17 31 -30 0 -1 1
17 31 -29 0 -1 1
17 31 29 0 -1 -1
17 31 30 0 -1 -1
17 32 -29 0 -1 1
17 32 -28 0 -1 1
17 32 28 0 -1 -1
17 32 29 0 -1 -1
17 33 -28 0 -1 1
17 33 -27 0 -1 1
17 33 -26 0 -1 1
17 33 26 0 -1 -1
17 33 27 0 -1 -1
17 33 28 0 -1 -1
17 34 -26 0 -1 1
17 34 -25 0 -1 1
17 34 25 0 -1 -1
17 34 26 0 -1 -1
17 35 -25 0 -1 1
17 35 -24 0 -1 1
17 35 24 0 -1 -1
17 35 25 0 -1 -1
17 36 -24 0 -1 1
17 36 -23 0 -1 1
17 36 -22 0 -1 1
17 36 22 0 -1 -1
17 36 23 0 -1 -1
17 36 24 0 -1 -1
17 37 -22 0 -1 1
17 37 -21 0 -1 1
17 37 -20 0 -1 1
17 37 20 0 -1 -1
17 37 21 0 -1 -1
17 37 22 0 -1 -1
17 38 -20 0 -1 1
17 38 -19 0 -1 1
17 38 -18 0 -1 1
17 38 18 0 -1 -1
17 38 19 0 -1 -1
17 38 20 0 -1 -1
17 39 -18 0 -1 1
17 39 -17 0 -1 1
17 39 -16 0 -1 0
17 39 16 0 -1 0
17 39 17 0 -1 -1
17 39 18 0 -1 -1
17 40 -16 0 -1 1
17 40 -15 0 -1 0
17 40 -14 0 -1 0
17 40 -13 0 17 -33 26 0 1 -1
17 -33 27 0 1 -1
17 -33 28 0 1 -1
17 -32 -29 0 1 1
17 -32 -28 0 1 1
17 -32 28 0 1 -1
17 -32 29 0 1 -1
17 -31 -30 0 1 1
17 -31 -29 0 1 1
17 -31 29 0 1 -1
17 -31 30 0 1 -1
17 -30 -31 0 1 1
17 -30 -30 0 1 1
17 -30 30 0 1 -1
17 -30 31 0 1 -1
17 -29 -32 0 1 1
17 -29 -31 0 1 1
17 -29 31 0 1 -1
17 -29 32 0 1 -1
17 -28 -33 0 1 1
17 -28 -32 0 1 1
17 -28 32 0 1 -1
17 -28 33 0 1 -1
17 -27 -33 0 1 1
17 -27 33 0 1 -1
17 -26 -34 0 1 1
17 -26 -33 0 1 1
17 -26 33 0 1 -1
17 -26 34 0 1 -1
17 -25 -35 0 1 1
17 -25 -34 0 1 1
17 -25 34 0 1 -1
17 -25 35 0 1 -1
17 -24 -36 0 1 1
17 -24 -35 0 1 1
17 -24 35 0 1 -1
17 -24 36 0 1 -1
17 -23 -36 0 1 1
17 -23 36 0 1 -1
17 -22 -37 0 1 1
17 -22 -36 0 1 1
17 -22 36 0 1 -1
17 -22 37 0 1 -1
17 -21 -37 0 1 1
17 -21 37 0 1 -1
17 -20 -38 0 1 1
17 -20 -37 0 1 1
17 -20 37 0 1 -1
17 -20 38 0 1 -1
17 -19 -38 0 1 1
17 -19 38 0 1 -1
17 -18 -39 0 1 1
17 -18 -38 0 1 1
17 -18 38 0 1 -1
17 -18 39 0 1 -1
17 -17 -39 0 1 1
17 -17 39 0 1 -1
17 -16 -40 0 1 1
17 -16 -39 0 0 1
17 -16 39 0 0 -1
17 -16 40 0 1 -1
17 -15 -40 0 0 1
17 -15 40 0 0 -1
17 -14 -40 0 0 1
17 -14 40 0 0 -1
17 -13 -41 0 1 1
17 -13 -40 0 0 1
17 -13 40 0 0 -1
17 -13 41 0 1 -1
17 -12 -41 0 0 1
17 -12 41 0 0 -1
17 -11 -41 0 0 1
17 -11 41 0 0 -1
17 -10 -42 0 1 1
17 -10 -41 0 0 1
17 -10 41 0 0 -1
17 -10 42 0 1 -1
17 -9 -42 0 0 1
17 -9 42 0 0 -1
17 -8 -42 0 0 1
17 -8 42 0 0 -1
17 -7 -42 0 0 1
17 -7 42 0 0 -1
17 -6 -42 0 0 1
17 -6 42 0 0 -1
17 -5 -42 0 0 1
17 -5 42 0 0 -1
17 -4 -42 0 0 1
17 -4 42 0 0 -1
17 -3 -42 0 0 1
17 -3 42 0 0 -1
17 -2 -42 0 0 1
17 -2 42 0 0 -1
17 -1 -42 0 0 1
17 -1 42 0 0 -1
17 0 -42 0 0 1
17 0 42 0 0 -1
18 -42 -10 0 1 1
18 -42 -9 0 1 0
18 -42 -8 0 1 0
18 -42 -7 0 1 0
18 -42 -6 0 1 0
18 -42 -5 0 1 0
18 -42 -4 0 1 0
18 -42 -3 0 1 0
18 -42 -2 0 1 0
18 -42 -1 0 1 0
18 -42 0 0 1 0
18 -42 1 0 1 0
18 -42 2 0 1 0
18 -42 3 0 1 0
18 -42 4 0 1 0
18 -42 5 0 1 0
18 -42 6 0 1 0
18 -42 7 0 1 0
18 -42 8 0 1 0
18 -42 9 0 1 0
18 -42 10 0 1 -1
18 -41 -13 0 1 1
18 -41 -12 0 1 0
18 -41 -11 0 1 0
18 -41 -10 0 1 0
18 -41 10 0 1 0
18 -41 11 0 1 0
18 -41 12 0 1 0
18 -41 13 0 1 -1
18 -40 -16 0 1 1
18 -40 -15 0 1 0
18 -40 -14 0 1 0
18 -40 -13 0 1 0
18 -40 13 0 1 0
18 -40 14 0 1 0
18 -40 15 0 1 0
18 -40 16 0 1 -1
18 -39 -18 0 1 1
18 -39 -17 0 1 1
18 -39 -16 0 1 0
18 -39 16 0 1 0
18 -39 17 0 1 -1
18 -39 18 0 1 -1
18 -38 -20 0 1 1
18 -38 -19 0 1 1
18 -38 -18 0 1 1
18 -38 18 0 1 -1
18 -38 19 0 1 -1
18 -38 20 0 1 -1
18 -37 -22 0 1 1
18 -37 -21 0 1 1
18 -37 -20 0 1 1
18 -37 20 0 1 -1
18 -37 21 0 1 -1
18 -37 22 0 1 -1
18 -36 -24 0 1 1
18 -36 -23 0 1 1
18 -36 -22 0 1 1
18 -36 22 0 1 -1
18 -36 23 0 1 -1
18 -36 24 0 1 -1
18 -35 -25 0 1 1
18 -35 -24 0 1 1
18 -35 24 0 1 -1
18 -35 25 0 1 -1
18 -34 -26 0 1 1
18 -34 -25 0 1 1
18 -34 25 0 1 -1
18 -34 26 0 1 -1
18 -33 -28 0 1 1
18 -33 -27 0 1 1
18 -33 -26 0 1 1
18 -33 26 0 1 -1
18 -33 27 0 1 -1
18 -33 28 0 1 -1
18 -32 -29 0 1 1
18 -32 -28 0 1 1
18 -32 28 0 1 -1
18 -32 29 0 1 -1
18 -31 -30 0 1 1
18 -31 -29 0 1 1
18 -31 29 0 1 -1
18 -31 30 0 1 -1
18 -30 -31 0 1 1
18 -30 -30 0 1 1
18 -30 30 0 1 -1
18 -30 31 0 1 -1
18 -29 -32 0 1 1
18 -29 -31 0 1 1
18 -29 31 0 1 -1
18 -29 32 0 1 -1
18 -28 -33 0 1 1
18 -28 -32 0 1 1
18 -28 32 0 1 -1
18 -28 33 0 1 -1
18 -27 -33 0 1 1
18 -27 33 0 1 -1
18 -26 -34 0 1 1
18 -26 -33 0 1 1
18 -26 33 0 1 -1
18 -26 34 0 1 -1
18 -25 -35 0 1 1
18 -25 -34 0 1 1
18 -25 34 0 1 -1
18 -25 35 0 1 -1
18 -24 -36 0 1 1
18 -24 -35 0 1 1
18 -24 35 0 1 -1
18 -24 36 0 1 -1
18 -23 -36 0 1 1
18 -23 36 0 1 -1
18 -22 -37 0 1 1
18 -22 -36 0 1 1
18 -22 36 0 1 -1
18 -22 37 0 1 -1
18 -21 -37 0 1 1
18 -21 37 0 1 -1
18 -20 -38 0 1 1
18 -20 -37 0 1 1
18 -20 37 0 1 -1
18 -20 38 0 1 -1
18 -19 -38 0 1 1
18 -19 38 0 1 -1
18 -18 -39 0 1 1
18 -18 -38 0 1 1
18 -18 38 0 1 -1
18 -18 39 0 1 -1
18 -17 -39 0 1 1
18 -17 39 0 1 -1
18 -16 -40 0 1 1
18 -16 -39 0 0 1
18 -16 39 0 0 -1
18 -16 40 0 1 -1
18 -15 -40 0 0 1
18 -15 40 0 0 -1
18 -14 -40 0 0 1
18 -14 40 0 0 -1
18 -13 -41 0 1 1
18 -13 -40 0 0 1
18 -13 40 0 0 -1
18 -13 41 0 1 -1
18 -12 -41 0 0 1
18 -12 41 0 0 -1
18 -11 -41 0 0 1
18 -11 41 0 0 -1
18 -10 -42 0 1 1
18 -10 -41 0 0 1
18 -10 41 0 0 -1
18 -10 42 0 1 -1
18 -9 -42 0 0 1
18 -9 42 0 0 -1
18 -8 -42 0 0 1
18 -8 42 0 0 -1
18 -7 -42 0 0 1
18 -7 42 0 0 -1
18 -6 -42 0 0 1
18 -6 42 0 0 -1
18 -5 -42 0 0 1
18 -5 42 0 0 -1
18 -4 -42 0 0 1
18 -4 42 0 0 -1
18 -3 -42 0 0 1
18 -3 42 0 0 -1
18 -2 -42 0 0 1
18 -2 42 0 0 -1
18 -1 -42 0 0 1
18 -1 42 0 0 -1
18 0 -42 0 0 1
18 0 42 0 0 -1
19 -42 -10 0 1 1
19 -42 -9 0 1 0
19 -42 -8 0 1 0
19 -42 -7 0 1 0
19 -42 -6 0 1 0
19 -42 -5 0 1 0
19 -42 -4 0 1 0
19 -42 -3 0 1 0
19 -42 -2 0 1 0
19 -42 -1 0 1 0
19 -42 0 0 1 0
19 -42 1 0 1 0
19 -42 2 0 1 0
19 -42 3 0 1 0
19 -42 4 0 1 0
19 -42 5 0 1 0
19 -42 6 0 1 0
19 -42 7 0 1 0
19 -42 8 0 1 0
19 -42 9 0 1 0
19 -42 10 0 1 -1
19 -41 -13 0 1 1
19 -41 -12 0 1 0
19 -41 -11 0 1 0
19 -41 -10 0 1 0
19 -41 10 0 1 0
19 -41 11 0 1 0
19 -41 12 0 1 0
19 -41 13 0 1 -1
19 -40 -16 0 1 1
19 -40 -15 0 1 0
19 -40 -14 0 1 0
19 -40 -13 0 1 0
19 -40 13 0 1 0
19 -40 14 0 1 0
19 -40 15 0 1 0
19 -40 16 0 1 -1
19 -39 -18 0 1 1
19 -39 -17 0 1 1
19 -39 -16 0 1 0
19 -39 16 0 1 0
19 -39 17 0 1 -1
19 -39 18 0 1 -1
19 -38 -20 0 1 1
19 -38 -19 0 1 1
19 -38 -18 0 1 1
19 -38 18 0 1 -1
19 -38 19 0 1 -1
19 -38 20 0 1 -1
19 -37 -22 0 1 1
19 -37 -21 0 1 1
19 -37 -20 0 1 1
19 -37 20 0 1 -1
19 -37 21 0 1 -1
19 -37 22 0 1 -1
19 -36 -24 0 1 1
19 -36 -23 0 1 1
19 -36 -22 0 1 1
19 -36 22 0 1 -1
19 -36 23 0 1 -1
19 -36 24 0 1 -1
19 -35 -25 0 1 1
19 -35 -24 0 1 1
19 -35 24 0 1 -1
19 -35 25 0 1 -1
19 -34 -26 0 1 1
19 -34 -25 0 1 1
19 -34 25 0 1 -1
19 -34 26 0 1 -1
19 -33 -28 0 1 1
19 -33 -27 0 1 1
19 -33 -26 0 1 1
19 -33 26 0 1 -1
19 -33 27 0 1 -1
19 -33 28 0 1 -1
19 -32 -29 0 1 1
19 -32 -28 0 1 1
19 -32 28 0 1 -1
19 -32 29 0 1 -1
19 -31 -30 0 1 1
19 -31 -29 0 1 1
19 -31 29 0 1 -1
19 -31 30 0 1 -1
19 -30 -31 0 1 1
19 -30 -30 0 1 1
19 -30 30 0 1 -1
19 -30 31 0 1 -1
19 -29 -32 0 1 1
19 -29 -31 0 1 1
19 -29 31 0 1 -1
19 -29 32 0 1 -1
19 -28 -33 0 1 1
19 -28 -32 0 1 1
19 -28 32 0 1 -1
19 -28 33 0 1 -1
19 -27 -33 0 1 1
19 -27 33 0 1 -1
19 -26 -34 0 1 1
19 -26 -33 0 1 1
19 -26 33 0 1 -1
19 -26 34 0 1 -1
19 -25 -35 0 1 1
19 -25 -34 0 1 1
19 -25 34 0 1 -1
19 -25 35 0 1 -1
19 -24 -36 0 1 1
19 -24 -35 0 1 1
19 -24 35 0 1 -1
19 -24 36 0 1 -1
19 -23 -36 0 1 1
19 -23 36 0 1 -1
19 -22 -37 0 1 1
19 -22 -36 0 1 1
19 -22 36 0 1 -1
19 -22 37 0 1 -1
19 -21 -37 0 1 1
19 -21 37 0 1 -1
19 -20 -38 0 1 1
19 -20 -37 0 1 1
19 -20 37 0 1 -1
19 -20 38 0 1 -1
19 -19 -38 0 1 1
19 -19 38 0 1 -1
19 -18 -39 0 1 1
19 -18 -38 0 1 1
19 -18 38 0 1 -1
19 -18 39 0 1 -1
19 -17 -39 0 1 1
19 -17 39 0 1 -1
19 -16 -40 0 1 1
19 -16 -39 0 0 1
19 -16 39 0 0 -1
19 -16 40 0 1 -1
19 -15 -40 0 0 1
19 -15 40 0 0 -1
19 -14 -40 0 0 1
19 -14 40 0 0 -1
19 -13 -41 0 1 1
19 -13 -40 0 0 1
19 -13 40 0 0 -1
19 -13 41 0 1 -1
19 -12 -41 0 0 1
19 -12 41 0 0 -1
19 -11 -41 0 0 1
19 -11 41 0 0 -1
19 -10 -42 0 1 1
19 -10 -41 0 0 1
19 -10 41 0 0 -1
19 -10 42 0 1 -1
19 -9 -42 0 0 1
19 -9 42 0 0 -1
19 -8 -42 0 0 1
19 -8 42 0 0 -1
19 -7 -42 0 0 1
19 -7 42 0 0 -1
19 -6 -42 0 0 1
19 -6 42 0 0 -1
19 -5 -42 0 0 1
19 -5 42 0 0 -1
19 -4 -42 0 0 1
19 -4 42 0 0 -1
19 -3 -42 0 0 1
19 -3 42 0 0 -1
19 -2 -42 0 0 1
19 -2 42 0 0 -1
19 -1 -42 0 0 1
19 -1 42 0 0 -1
19 0 -42 0 0 1
19 0 42 0 0 -1
20 -42 -10 0 1 1
20 -42 -9 0 1 0
20 -42 -8 0 1 0
20 -42 -7 0 1 0
20 -42 -6 0 1 0
20 -42 -5 0 1 0
20 -42 -4 0 1 0
20 -42 -3 0 1 0
20 -42 -2 0 1 0
20 -42 -1 0 1 0
20 -42 0 0 1 0
20 -42 1 0 1 0
20 -42 2 0 1 0
20 -42 3 0 1 0
20 -42 4 0 1 0
20 -42 5 0 1 0
20 -42 6 0 1 0
20 -42 7 0 1 0
20 -42 8 0 1 0
20 -42 9 0 1 0
20 -42 10 0 1 -1
20 -41 -13 0 1 1
20 -41 -12 0 1 0
20 -41 -11 0 1 0
20 -41 -10 0 1 0
20 -41 10 0 1 0
20 -41 11 0 1 0
20 -41 12 0 1 0
20 -41 13 0 1 -1
20 -40 -16 0 1 1
20 -40 -15 0 1 0
20 -40 -14 0 1 0
20 -40 -13 0 1 0
20 -40 13 0 1 0
20 -40 14 0 1 0
20 -40 15 0 1 0
20 -40 16 0 1 -1
20 -39 -18 0 1 1
20 -39 -17 0 1 1
20 -39 -16 0 1 0
20 -39 16 0 1 0
20 -39 17 0 1 -1
20 -39 18 0 1 -1
20 -38 -20 0 1 1
20 -38 -19 0 1 1
20 -38 -18 0 1 1
20 -38 18 0 1 -1
20 -38 19 0 1 -1
20 -38 20 0 1 -1
20 -37 -22 0 1 1
20 -37 -21 0 1 1
20 -37 -20 0 1 1
20 -37 20 0 1 -1
20 -37 21 0 1 -1
20 -37 22 0 1 -1
20 -36 -24 0 1 1
20 -36 -23 0 1 1
20 -36 -22 0 1 1
20 -36 22 0 1 -1
20 -36 23 0 1 -1
20 -36 24 0 1 -1
20 -35 -25 0 1 1
20 -35 -24 0 1 1
20 -35 24 0 1 -1
20 -35 25 0 1 -1
20 -34 -26 0 1 1
20 -34 -25 0 1 1
20 -34 25 0 1 -1
20 -34 26 0 1 -1
20 -33 -28 0 1 1
20 -33 -27 0 1 1
20 -33 -26 0 1 1
20 -33 26 0 1 -1
20 -33 27 0 1 -1
20 -33 28 0 1 -1
20 -32 -29 0 1 1
20 -32 -28 0 1 1
20 -32 28 0 1 -1
20 -32 29 0 1 -1
20 -31 -30 0 1 1
20 -31 -29 0 1 1
20 -31 29 0 1 -1
20 -31 30 0 1 -1
20 -30 -31 0 1 1
20 -30 -30 0 1 1
20 -30 30 0 1 -1
20 -30 31 0 1 -1
20 -29 -32 0 1 1
20 -29 -31 0 1 1
20 -29 31 0 1 -1
20 -29 32 0 1 -1
20 -28 -33 0 1 1
20 -28 -32 0 1 1
20 -28 32 0 1 -1
20 -28 33 0 1 -1
20 -27 -33 0 1 1
20 -27 33 0 1 -1
20 -26 -34 0 1 1
20 -26 -33 0 1 1
20 -26 33 0 1 -1
20 -26 34 0 1 -1
20 -25 -35 0 1 1
20 -25 -34 0 1 1
20 -25 34 0 1 -1
20 -25 35 0 1 -1
20 -24 -36 0 1 1
20 -24 -35 0 1 1
20 -24 35 0 1 -1
20 -24 36 0 1 -1
20 -23 -36 0 1 1
20 -23 36 0 1 -1
20 -22 -37 0 1 1
20 -22 -36 0 1 1
20 -22 36 0 1 -1
20 -22 37 0 1 -1
20 -21 -37 0 1 1
20 -21 37 0 1 -1
20 -20 -38 0 1 1
20 -20 -37 0 1 1
20 -20 37 0 1 -1
20 -20 38 0 1 -1
20 -19 -38 0 1 1
20 -19 38 0 1 -1
20 -18 -39 0 1 1
20 -18 -38 0 1 1
20 -18 38 0 1 -1
20 -18 39 0 1 -1
20 -17 -39 0 1 1
20 -17 39 0 1 -1
20 -16 -40 0 1 1
20 -16 -39 0 0 1
20 -16 39 0 0 -1
20 -16 40 0 1 -1
20 -15 -40 0 0 1
20 -15 40 0 0 -1
20 -14 -40 0 0 1
20 -14 40 0 0 -1
20 -13 -41 0 1 1
20 -13 -40 0 0 1
20 -13 40 0 0 -1
20 -13 41 0 1 -1
20 -12 -41 0 0 1
20 -12 41 0 0 -1
20 -11 -41 0 0 1
20 -11 41 0 0 -1
20 -10 -42 0 1 1
20 -10 -41 0 0 1
20 -10 41 0 0 -1
20 -10 42 0 1 -1
20 -9 -42 0 0 1
20 -9 42 0 0 -1
20 -8 -42 0 0 1
20 -8 42 0 0 -1
20 -7 -42 0 0 1
20 -7 42 0 0 -1
20 -6 -42 0 0 1
20 -6 42 0 0 -1
20 -5 -42 0 0 1
20 -5 42 0 0 -1
20 -4 -42 0 0 1
20 -4 42 0 0 -1
20 -3 -42 0 0 1
20 -3 42 0 0 -1
20 -2 -42 0 0 1
20 -2 42 0 0 -1
20 -1 -42 0 0 1
20 -1 42 0 0 -1
20 0 -42 0 0 1
20 0 42 0 0 -1
21 -42 -10 0 1 1
21 -42 -9 0 1 0
21 -42 -8 0 1 0
21 -42 -7 0 1 0
21 -42 -6 0 1 0
21 -42 -5 0 1 0
21 -42 -4 0 1 0
21 -42 -3 0 1 0
21 -42 -2 0 1 0
21 -42 -1 0 1 0
21 -42 0 0 1 0
21 -42 1 0 1 0
21 -42 2 0 1 0
21 -42 3 0 1 0
21 -42 4 0 1 0
21 -42 5 0 1 0
21 -42 6 0 1 0
21 -42 7 0 1 0
21 -42 8 0 1 0
21 -42 9 0 1 0
21 -42 10 0 1 -1
21 -41 -13 0 1 1
21 -41 -12 0 1 0
21 -41 -11 0 1 0
21 -41 -10 0 1 0
21 -41 10 0 1 0
21 -41 11 0 1 0
21 -41 12 0 1 0
21 -41 13 0 1 -1
21 -40 -16 0 1 1
21 -40 -15 0 1 0
21 -40 -14 0 1 0
21 -40 -13 0 1 0
21 -40 13 0 1 0
21 -40 14 0 1 0
21 -40 15 0 1 0
21 -40 16 0 1 -1
21 -39 -18 0 1 1
21 -39 -17 0 1 1
21 -39 -16 0 1 0
21 -39 16 0 1 0
21 -39 17 0 1 -1
21 -39 18 0 1 -1
21 -38 -20 0 1 1
21 -38 -19 0 1 1
21 -38 -18 0 1 1
21 -38 18 0 1 -1
21 -38 19 0 1 -1
21 -38 20 0 1 -1
21 -37 -22 0 1 1
21 -37 -21 0 1 1
21 -37 -20 0 1 1
21 -37 20 0 1 -1
21 -37 21 0 1 -1
21 -37 22 0 1 -1
21 -36 -24 0 1 1
21 -36 -23 0 1 1
21 -36 -22 0 1 1
21 -36 22 0 1 -1
21 -36 23 0 1 -1
21 -36 24 0 1 -1
21 -35 -25 0 1 1
21 -35 -24 0 1 1
21 -35 24 0 1 -1
21 -35 25 0 1 -1
21 -34 -26 0 1 1
21 -34 -25 0 1 1
21 -34 25 0 1 -1
21 -34 26 0 1 -1
21 -33 -28 0 1 1
21 -33 -27 0 1 1
21 -33 -26 0 1 1
21 -33 26 0 1 -1
21 -33 27 0 1 -1
21 -33 28 0 1 -1
21 -32 -29 0 1 1
21 -32 -28 0 1 1
21 -32 28 0 1 -1
21 -32 29 0 1 -1
21 -31 -30 0 1 1
21 -31 -29 0 1 1
21 -31 29 0 1 -1
21 -31 30 0 1 -1
21 -30 -31 0 1 1
21 -30 -30 0 1 1
21 -30 30 0 1 -1
21 -30 31 0 1 -1
21 -29 -32 0 1 1
21 -29 -31 0 1 1
21 -29 31 0 1 -1
21 -29 32 0 1 -1
21 -28 -33 0 1 1
21 -28 -32 0 1 1
21 -28 32 0 1 -1
21 -28 33 0 1 -1
21 -27 -33 0 1 1
21 -27 33 0 1 -1
21 -26 -34 0 1 1
21 -26 -33 0 1 1
21 -26 33 0 1 -1
21 -26 34 0 1 -1
21 -25 -35 0 1 1
21 -25 -34 0 1 1
21 -25 34 0 1 -1
21 -25 35 0 1 -1
21 -24 -36 0 1 1
21 -24 -35 0 1 1
21 -24 35 0 1 -1
21 -24 36 0 1 -1
21 -23 -36 0 1 1
21 -23 36 0 1 -1
21 -22 -37 0 1 1
21 -22 -36 0 1 1
21 -22 36 0 1 -1
21 -22 37 0 1 -1
21 -21 -37 0 1 1
21 -21 37 0 1 -1
21 -20 -38 0 1 1
21 -20 -37 0 1 1
21 -20 37 0 1 -1
21 -20 38 0 1 -1
21 -19 -38 0 1 1
21 -19 38 0 1 -1
21 -18 -39 0 1 1
21 -18 -38 0 1 1
21 -18 38 0 1 -1
21 -18 39 0 1 -1
21 -17 -39 0 1 1
21 -17 39 0 1 -1
21 -16 -40 0 1 1
21 -16 -39 0 0 1
21 -16 39 0 0 -1
21 -16 40 0 1 -1
21 -15 -40 0 0 1
21 -15 40 0 0 -1
21 -14 -40 0 0 1
21 -14 40 0 0 -1
21 -13 -41 0 1 1
21 -13 -40 0 0 1
21 -13 40 0 0 -1
21 -13 41 0 1 -1
21 -12 -41 0 0 1
21 -12 41 0 0 -1
21 -11 -41 0 0 1
21 -11 41 0 0 -1
21 -10 -42 0 1 1
21 -10 -41 0 0 1
21 -10 41 0 0 -1
21 -10 42 0 1 -1
21 -9 -42 0 0 1
21 -9 42 0 0 -1
21 -8 -42 0 0 1
21 -8 42 0 0 -1
21 -7 -42 0 0 1
21 -7 42 0 0 -1
21 -6 -42 0 0 1
21 -6 42 0 0 -1
21 -5 -42 0 0 1
21 -5 42 0 0 -1
21 -4 -42 0 0 1
21 -4 42 0 0 -1
21 -3 -42 0 0 1
21 -3 42 0 0 -1
21 -2 -42 0 0 1
21 -2 42 0 0 -1
21 -1 -42 0 0 1
21 -1 42 0 0 -1
21 0 -42 0 0 1
21 0 42 0 0 -1
22 -42 -10 0 1 1
22 -42 -9 0 1 0
22 -42 -8 0 1 0
22 -42 -7 0 1 0
22 -42 -6 0 1 0
22 -42 -5 0 1 0
22 -42 -4 0 1 0
22 -42 -3 0 1 0
22 -42 -2 0 1 0
22 -42 -1 0 1 0
22 -42 0 0 1 0
22 -42 1 0 1 0
22 -42 2 0 1 0
22 -42 3 0 1 0
22 -42 4 0 1 0
22 -42 5 0 1 0
22 -42 6 0 1 0
22 -42 7 0 1 0
22 -42 8 0 1 0
22 -42 9 0 1 0
22 -42 10 0 1 -1
22 -41 -13 0 1 1
22 -41 -12 0 1 0
22 -41 -11 0 1 0
22 -41 -10 0 1 0
22 -41 10 0 1 0
22 -41 11 0 1 0
22 -41 12 0 1 0
22 -41 13 0 1 -1
22 -40 -16 0 1 1
22 -40 -15 0 1 0
22 -40 -14 0 1 0
22 -40 -13 0 1 0
22 -40 13 0 1 0
22 -40 14 0 1 0
22 -40 15 0 1 0
22 -40 16 0 1 -1
22 -39 -18 0 1 1
22 -39 -17 0 1 1
22 -39 -16 0 1 0
22 -39 16 0 1 0
22 -39 17 0 1 -1
22 -39 18 0 1 -1
22 -38 -20 0 1 1
22 -38 -19 0 1 1
22 -38 -18 0 1 1
22 -38 18 0 1 -1
22 -38 19 0 1 -1
22 -38 20 0 1 -1
22 -37 -22 0 1 1
22 -37 -21 0 1 1
22 -37 -20 0 1 1
22 -37 20 0 1 -1
22 -37 21 0 1 -1
22 -37 22 0 1 -1
22 -36 -24 0 1 1
22 -36 -23 0 1 1
22 -36 -22 0 1 1
22 -36 22 0 1 -1
22 -36 23 0 1 -1
22 -36 24 0 1 -1
22 -35 -25 0 1 1
22 -35 -24 0 1 1
22 -35 24 0 1 -1
22 -35 25 0 1 -1
22 -34 -26 0 1 1
22 -34 -25 0 1 1
22 -34 25 0 1 -1
22 -34 26 0 1 -1
22 -33 -28 0 1 1
22 -33 -27 0 1 1
22 -33 -26 0 1 1
22 -33 26 0 1 -1
22 -33 27 0 1 -1
22 -33 28 0 1 -1
22 -32 -29 0 1 1
22 -32 -28 0 1 1
22 -32 28 0 1 -1
22 -32 29 0 1 -1
22 -31 -30 0 1 1
22 -31 -29 0 1 1
22 -31 29 0 1 -1
22 -31 30 0 1 -1
22 -30 -31 0 1 1
22 -30 -30 0 1 1
22 -30 30 0 1 -1
22 -30 31 0 1 -1
22 -29 -32 0 1 1
22 -29 -31 0 1 1
22 -29 31 0 1 -1
22 -29 32 0 1 -1
22 -28 -33 0 1 1
22 -28 -32 0 1 1
22 -28 32 0 1 -1
22 -28 33 0 1 -1
22 -27 -33 0 1 1
22 -27 33 0 1 -1
22 -26 -34 0 1 1
22 -26 -33 0 1 1
22 -26 33 0 1 -1
22 -26 34 0 1 -1
22 -25 -35 0 1 1
22 -25 -34 0 1 1
22 -25 34 0 1 -1
22 -25 35 0 1 -1
22 -24 -36 0 1 1
22 -24 -35 0 1 1
22 -24 35 0 1 -1
22 -24 36 0 1 -1
22 -23 -36 0 1 1
22 -23 36 0 1 -1
22 -22 -37 0 1 1
22 -22 -36 0 1 1
22 -22 36 0 1 -1
22 -22 37 0 1 -1
22 -21 -37 0 1 1
22 -21 37 0 1 -1
22 -20 -38 0 1 1
22 -20 -37 0 1 1
22 -20 37 0 1 -1
22 -20 38 0 1 -1
22 -19 -38 0 1 1
22 -19 38 0 1 -1
22 -18 -39 0 1 1
22 -18 -38 0 1 1
22 -18 38 0 1 -1
22 -18 39 0 1 -1
22 -17 -39 0 1 1
22 -17 39 0 1 -1
22 -16 -40 0 1 1
22 -16 -39 0 0 1
22 -16 39 0 0 -1
22 -16 40 0 1 -1
22 -15 -40 0 0 1
22 -15 40 0 0 -1
22 -14 -40 0 0 1
22 -14 40 0 0 -1
22 -13 -41 0 1 1
22 -13 -40 0 0 1
22 -13 40 0 0 -1
22 -13 41 0 1 -1
22 -12 -41 0 0 1
22 -12 41 0 0 -1
22 -11 -41 0 0 1
22 -11 41 0 0 -1
22 -10 -42 0 1 1
22 -10 -41 0 0 1
22 -10 41 0 0 -1
22 -10 42 0 1 -1
22 -9 -42 0 0 1
22 -9 42 0 0 -1
22 -8 -42 0 0 1
22 -8 42 0 0 -1
22 -7 -42 0 0 1
22 -7 42 0 0 -1
22 -6 -42 0 0 1
22 -6 42 0 0 -1
22 -5 -42 0 0 1
22 -5 42 0 0 -1
22 -4 -42 0 0 1
22 -4 42 0 0 -1
22 -3 -42 0 0 1
22 -3 42 0 0 -1
22 -2 -42 0 0 1
22 -2 42 0 0 -1
22 -1 -42 0 0 1
22 -1 42 0 0 -1
22 0 -42 0 0 1
22 0 42 0 0 -1
23 -42 -10 0 1 1
23 -42 -9 0 1 0
23 -42 -8 0 1 0
23 -42 -7 0 1 0
23 -42 -6 0 1 0
23 -42 -5 0 1 0
23 -42 -4 0 1 0
23 -42 -3 0 1 0
23 -42 -2 0 1 0
23 -42 -1 0 1 0
23 -42 0 0 1 0
23 -42 1 0 1 0
23 -42 2 0 1 0
23 -42 3 0 1 0
23 -42 4 0 1 0
23 -42 5 0 1 0
23 -42 6 0 1 0
23 -42 7 0 1 0
23 -42 8 0 1 0
23 -42 9 0 1 0
23 -42 10 0 1 -1
23 -41 -13 0 1 1
23 -41 -12 0 1 0
23 -41 -11 0 1 0
23 -41 -10 0 1 0
23 -41 10 0 1 0
23 -41 11 0 1 0
23 -41 12 0 1 0
23 -41 13 0 1 -1
23 -40 -16 0 1 1
23 -40 -15 0 1 0
23 -40 -14 0 1 0
23 -40 -13 0 1 0
23 -40 13 0 1 0
23 -40 14 0 1 0
23 -40 15 0 1 0
23 -40 16 0 1 -1
23 -39 -18 0 1 1
23 -39 -17 0 1 1
23 -39 -16 0 1 0
23 -39 16 0 1 0
23 -39 17 0 1 -1
23 -39 18 0 1 -1
23 -38 -20 0 1 1
23 -38 -19 0 1 1
23 -38 -18 0 1 1
23 -38 18 0 1 -1
23 -38 19 0 1 -1
23 -38 20 0 1 -1
23 -37 -22 0 1 1
23 -37 -21 0 1 1
23 -37 -20 0 1 1
23 -37 20 0 1 -1
23 -37 21 0 1 -1
23 -37 22 0 1 -1
23 -36 -24 0 1 1
23 -36 -23 0 1 1
23 -36 -22 0 1 1
23 -36 22 0 1 -1
23 -36 23 0 1 -1
23 -36 24 0 1 -1
23 -35 -25 0 1 1
23 -35 -24 0 1 1
23 -35 24 0 1 -1
23 -35 25 0 1 -1
23 -34 -26 0 1 1
23 -34 -25 0 1 1
23 -34 25 0 1 -1
23 -34 26 0 1 -1
23 -33 -28 0 1 1
23 -33 -27 0 1 1
23 -33 -26 0 1 1
23 -33 26 0 1 -1
23 -33 27 0 1 -1
23 -33 28 0 1 -1
23 -32 -29 0 1 1
23 -32 -28 0 1 1
23 -32 28 0 1 -1
23 -32 29 0 1 -1
23 -31 -30 0 1 1
23 -31 -29 0 1 1
23 -31 29 0 1 -1
23 -31 30 0 1 -1
23 -30 -31 0 1 1
23 -30 -30 0 1 1
23 -30 30 0 1 -1
23 -30 31 0 1 -1
23 -29 -32 0 1 1
23 -29 -31 0 1 1
23 -29 31 0 1 -1
23 -29 32 0 1 -1
23 -28 -33 0 1 1
23 -28 -32 0 1 1
23 -28 32 0 1 -1
23 -28 33 0 1 -1
23 -27 -33 0 1 1
23 -27 33 0 1 -1
23 -26 -34 0 1 1
23 -26 -33 0 1 1
23 -26 33 0 1 -1
23 -26 34 0 1 -1
23 -25 -35 0 1 1
23 -25 -34 0 1 1
23 -25 34 0 1 -1
23 -25 35 0 1 -1
23 -24 -36 0 1 1
23 -24 -35 0 1 1
23 -24 35 0 1 -1
23 -24 36 0 1 -1
23 -23 -36 0 1 1
23 -23 36 0 1 -1
23 -22 -37 0 1 1
23 -22 -36 0 1 1
23 -22 36 0 1 -1
23 -22 37 0 1 -1
23 -21 -37 0 1 1
23 -21 37 0 1 -1
23 -20 -38 0 1 1
23 -20 -37 0 1 1
23 -20 37 0 1 -1
23 -20 38 0 1 -1
23 -19 -38 0 1 1
23 -19 38 0 1 -1
23 -18 -39 0 1 1
23 -18 -38 0 1 1
23 -18 38 0 1 -1
23 -18 39 0 1 -1
23 -17 -39 0 1 1
23 -17 39 0 1 -1
23 -16 -40 0 1 1
23 -16 -39 0 0 1
23 -16 39 0 0 -1
23 -16 40 0 1 -1
23 -15 -40 0 0 1
23 -15 40 0 0 -1
23 -14 -40 0 0 1
23 -14 40 0 0 -1
23 -13 -41 0 1 1
23 -13 -40 0 0 1
23 -13 40 0 0 -1
23 -13 41 0 1 -1
23 -12 -41 0 0 1
23 -12 41 0 0 -1
23 -11 -41 0 0 1
23 -11 41 0 0 -1
23 -10 -42 0 1 1
23 -10 -41 0 0 1
23 -10 41 0 0 -1
23 -10 42 0 1 -1
23 -9 -42 0 0 1
23 -9 42 0 0 -1
23 -8 -42 0 0 1
23 -8 42 0 0 -1
23 -7 -42 0 0 1
23 -7 42 0 0 -1
23 -6 -42 0 0 1
23 -6 42 0 0 -1
23 -5 -42 0 0 1
23 -5 42 0 0 -1
23 -4 -42 0 0 1
23 -4 42 0 0 -1
23 -3 -42 0 0 1
23 -3 42 0 0 -1
23 -2 -42 0 0 1
23 -2 42 0 0 -1
23 -1 -42 0 0 1
23 -1 42 0 0 -1
23 0 -42 0 0 1
23 0 42 0 0 -1
24 -42 -10 0 1 1
24 -42 -9 0 1 0
24 -42 -8 0 1 0
24 -42 -7 0 1 0
24 -42 -6 0 1 0
24 -42 -5 0 1 0
24 -42 -4 0 1 0
24 -42 -3 0 1 0
24 -42 -2 0 1 0
24 -42 -1 0 1 0
24 -42 0 0 1 0
24 -42 1 0 1 0
24 -42 2 0 1 0
24 -42 3 0 1 0
24 -42 4 0 1 0
24 -42 5 0 1 0
24 -42 6 0 1 0
24 -42 7 0 1 0
24 -42 8 0 1 0
24 -42 9 0 1 0
24 -42 10 0 1 -1
24 -41 -13 0 1 1
24 -41 -12 0 1 0
24 -41 -11 0 1 0
24 -41 -10 0 1 0
24 -41 10 0 1 0
24 -41 11 0 1 0
24 -41 12 0 1 0
24 -41 13 0 1 -1
24 -40 -16 0 1 1
24 -40 -15 0 1 0
24 -40 -14 0 1 0
24 -40 -13 0 1 0
24 -40 13 0 1 0
24 -40 14 0 1 0
24 -40 15 0 1 0
24 -40 16 0 1 -1
24 -39 -18 0 1 1
24 -39 -17 0 1 1
24 -39 -16 0 1 0
24 -39 16 0 1 0
24 -39 17 0 1 -1
24 -39 18 0 1 -1
24 -38 -20 0 1 1
24 -38 -19 0 1 1
24 -38 -18 0 1 1
24 -38 18 0 1 -1
24 -38 19 0 1 -1
24 -38 20 0 1 -1
24 -37 -22 0 1 1
24 -37 -21 0 1 1
24 -37 -20 0 1 1
24 -37 20 0 1 -1
24 -37 21 0 1 -1
24 -37 22 0 1 -1
24 -36 -24 0 1 1
24 -36 -23 0 1 1
24 -36 -22 0 1 1
24 -36 22 0 1 -1
24 -36 23 0 1 -1
24 -36 24 0 1 -1
24 -35 -25 0 1 1
24 -35 -24 0 1 1
24 -35 24 0 1 -1
24 -35 25 0 1 -1
24 -34 -26 0 1 1
24 -34 -25 0 1 1
24 -34 25 0 1 -1
24 -34 26 0 1 -1
24 -33 -28 0 1 1
24 -33 -27 0 1 1
24 -33 -26 0 1 1
24 -33 26 0 1 -1
24 -33 27 0 1 -1
24 -33 28 0 1 -1
24 -32 -29 0 1 1
24 -32 -28 0 1 1
24 -32 28 0 1 -1
24 -32 29 0 1 -1
24 -31 -30 0 1 1
24 -31 -29 0 1 1
24 -31 29 0 1 -1
24 -31 30 0 1 -1
24 -30 -31 0 1 1
24 -30 -30 0 1 1
24 -30 30 0 1 -1
24 -30 31 0 1 -1
24 -29 -32 0 1 1
24 -29 -31 0 1 1
24 -29 31 0 1 -1
24 -29 32 0 1 -1
24 -28 -33 0 1 1
24 -28 -32 0 1 1
24 -28 32 0 1 -1
24 -28 33 0 1 -1
24 -27 -33 0 1 1
24 -27 33 0 1 -1
24 -26 -34 0 1 1
24 -26 -33 0 1 1
24 -26 33 0 1 -1
24 -26 34 0 1 -1
24 -25 -35 0 1 1
24 -25 -34 0 1 1
24 -25 34 0 1 -1
24 -25 35 0 1 -1
24 -24 -36 0 1 1
24 -24 -35 0 1 1
24 -24 35 0 1 -1
24 -24 36 0 1 -1
24 -23 -36 0 1 1
24 -23 36 0 1 -1
24 -22 -37 0 1 1
24 -22 -36 0 1 1
24 -22 36 0 1 -1
24 -22 37 0 1 -1
24 -21 -37 0 1 1
24 -21 37 0 1 -1
24 -20 -38 0 1 1
24 -20 -37 0 1 1
24 -20 37 0 1 -1
24 -20 38 0 1 -1
24 -19 -38 0 1 1
24 -19 38 0 1 -1
24 -18 -39 0 1 1
24 -18 -38 0 1 1
24 -18 38 0 1 -1
24 -18 39 0 1 -1
24 -17 -39 0 1 1
24 -17 39 0 1 -1
24 -16 -40 0 1 1
24 -16 -39 0 0 1
24 -16 39 0 0 -1
24 -16 40 0 1 -1
24 -15 -40 0 0 1
24 -15 40 0 0 -1
24 -14 -40 0 0 1
24 -14 40 0 0 -1
24 -13 -41 0 1 1
24 -13 -40 0 0 1
24 -13 40 0 0 -1
24 -13 41 0 1 -1
24 -12 -41 0 0 1
24 -12 41 0 0 -1
24 -11 -41 0 0 1
24 -11 41 0 0 -1
24 -10 -42 0 1 1
24 -10 -41 0 0 1
24 -10 41 0 0 -1
24 -10 42 0 1 -1
24 -9 -42 0 0 1
24 -9 42 0 0 -1
24 -8 -42 0 0 1
24 -8 42 0 0 -1
24 -7 -42 0 0 1
24 -7 42 0 0 -1
24 -6 -42 0 0 1
24 -6 42 0 0 -1
24 -5 -42 0 0 1
24 -5 42 0 0 -1
24 -4 -42 0 0 1
24 -4 42 0 0 -1
24 -3 -42 0 0 1
24 -3 42 0 0 -1
24 -2 -42 0 0 1
24 -2 42 0 0 -1
24 -1 -42 0 0 1
24 -1 42 0 0 -1
24 0 -42 0 0 1
24 0 42 0 0 -1
25 -42 -10 0 1 1
25 -42 -9 0 1 0
25 -42 -8 0 1 0
25 -42 -7 0 1 0
25 -42 -6 0 1 0
25 -42 -5 0 1 0
25 -42 -4 0 1 0
25 -42 -3 0 1 0
25 -42 -2 0 1 0
25 -42 -1 0 1 0
25 -42 0 0 1 0
25 -42 1 0 1 0
25 -42 2 0 1 0
25 -42 3 0 1 0
25 -42 4 0 1 0
25 -42 5 0 1 0
25 -42 6 0 1 0
25 -42 7 0 1 0
25 -42 8 0 1 0
25 -42 9 0 1 0
25 -42 10 0 1 -1
25 -41 -13 0 1 1
25 -41 -12 0 1 0
25 -41 -11 0 1 0
25 -41 -10 0 1 0
25 -41 10 0 1 0
25 -41 11 0 1 0
25 -41 12 0 1 0
25 -41 13 0 1 -1
25 -40 -16 0 1 1
25 -40 -15 0 1 0
25 -40 -14 0 1 0
25 -40 -13 0 1 0
25 -40 13 0 1 0
25 -40 14 0 1 0
25 -40 15 0 1 0
25 -40 16 0 1 -1
25 -39 -18 0 1 1
25 -39 -17 0 1 1
25 -39 -16 0 1 0
25 -39 16 0 1 0
25 -39 17 0 1 -1
25 -39 18 0 1 -1
25 -38 -20 0 1 1
25 -38 -19 0 1 1
25 -38 -18 0 1 1
25 -38 18 0 1 -1
25 -38 19 0 1 -1
25 -38 20 0 1 -1
25 -37 -22 0 1 1
25 -37 -21 0 1 1
25 -37 -20 0 1 1
25 -37 20 0 1 -1
25 -37 21 0 1 -1
25 -37 22 0 1 -1
25 -36 -24 0 1 1
25 -36 -23 0 1 1
25 -36 -22 0 1 1
25 -36 22 0 1 -1
25 -36 23 0 1 -1
25 -36 24 0 1 -1
25 -35 -25 0 1 1
25 -35 -24 0 1 1
25 -35 24 0 1 -1
25 -35 25 0 1 -1
25 -34 -26 0 1 1
25 -34 -25 0 1 1
25 -34 25 0 1 -1
25 -34 26 0 1 -1
25 -33 -28 0 1 1
25 -33 -27 0 1 1
25 -33 -26 0 1 1
25 -33 26 0 1 -1
25 -33 27 0 1 -1
25 -33 28 0 1 -1
25 -32 -29 0 1 1
25 -32 -28 0 1 1
25 -32 28 0 1 -1
25 -32 29 0 1 -1
25 -31 -30 0 1 1
25 -31 -29 0 1 1
25 -31 29 0 1 -1
25 -31 30 0 1 -1
25 -30 -31 0 1 1
25 -30 -30 0 1 1
25 -30 30 0 1 -1
25 -30 31 0 1 -1
25 -29 -32 0 1 1
25 -29 -31 0 1 1
25 -29 31 0 1 -1
25 -29 32 0 1 -1
25 -28 -33 0 1 1
25 -28 -32 0 1 1
25 -28 32 0 1 -1
25 -28 33 0 1 -1
25 -27 -33 0 1 1
25 -27 33 0 1 -1
25 -26 -34 0 1 1
25 -26 -33 0 1 1
25 -26 33 0 1 -1
25 -26 34 0 1 -1
25 -25 -35 0 1 1
25 -25 -34 0 1 1
25 -25 34 0 1 -1
25 -25 35 0 1 -1
25 -24 -36 0 1 1
25 -24 -35 0 1 1
25 -24 35 0 1 -1
25 -24 36 0 1 -1
25 -23 -36 0 1 1
25 -23 36 0 1 -1
25 -22 -37 0 1 1
25 -22 -36 0 1 1
25 -22 36 0 1 -1
25 -22 37 0 1 -1
25 -21 -37 0 1 1
25 -21 37 0 1 -1
25 -20 -38 0 1 1
25 -20 -37 0 1 1
25 -20 37 0 1 -1
25 -20 38 0 1 -1
25 -19 -38 0 1 1
25 -19 38 0 1 -1
25 -18 -39 0 1 1
25 -18 -38 0 1 1
25 -18 38 0 1 -1
25 -18 39 0 1 -1
25 -17 -39 0 1 1
25 -17 39 0 1 -1
25 -16 -40 0 1 1
25 -16 -39 0 0 1
25 -16 39 0 0 -1
25 -16 40 0 1 -1
25 -15 -40 0 0 1
25 -15 40 0 0 -1
25 -14 -40 0 0 1
25 -14 40 0 0 -1
25 -13 -41 0 1 1
25 -13 -40 0 0 1
25 -13 40 0 0 -1
25 -13 41 0 1 -1
25 -12 -41 0 0 1
25 -12 41 0 0 -1
25 -11 -41 0 0 1
25 -11 41 0 0 -1
25 -10 -42 0 1 1
25 -10 -41 0 0 1
25 -10 41 0 0 -1
25 -10 42 0 1 -1
25 -9 -42 0 0 1
25 -9 42 0 0 -1
25 -8 -42 0 0 1
25 -8 42 0 0 -1
25 -7 -42 0 0 1
25 -7 42 0 0 -1
25 -6 -42 0 0 1
25 -6 42 0 0 -1
25 -5 -42 0 0 1
25 -5 42 0 0 -1
25 -4 -42 0 0 1
25 -4 42 0 0 -1
25 -3 -42 0 0 1
25 -3 42 0 0 -1
25 -2 -42 0 0 1
25 -2 42 0 0 -1
25 -1 -42 0 0 1
25 -1 42 0 0 -1
25 0 -42 0 0 1
25 0 42 0 0 -1
26 -42 -10 0 1 1
26 -42 -9 0 1 0
26 -42 -8 0 1 0
26 -42 -7 0 1 0
26 -42 -6 0 1 0
26 -42 -5 0 1 0
26 -42 -4 0 1 0
26 -42 -3 0 1 0
26 -42 -2 0 1 0
26 -42 -1 0 1 0
26 -42 0 0 1 0
26 -42 1 0 1 0
26 -42 2 0 1 0
26 -42 3 0 1 0
26 -42 4 0 1 0
26 -42 5 0 1 0
26 -42 6 0 1 0
26 -42 7 0 1 0
26 -42 8 0 1 0
26 -42 9 0 1 0
26 -42 10 0 1 -1
26 -41 -13 0 1 1
26 -41 -12 0 1 0
26 -41 -11 0 1 0
26 -41 -10 0 1 0
26 -41 10 0 1 0
26 -41 11 0 1 0
26 -41 12 0 1 0
26 -41 13 0 1 -1
26 -40 -16 0 1 1
26 -40 -15 0 1 0
26 -40 -14 0 1 0
26 -40 -13 0 1 0
26 -40 13 0 1 0
26 -40 14 0 1 0
26 -40 15 0 1 0
26 -40 16 0 1 -1
26 -39 -18 0 1 1
26 -39 -17 0 1 1
26 -39 -16 0 1 0
26 -39 16 0 1 0
26 -39 17 0 1 -1
26 -39 18 0 1 -1
26 -38 -20 0 1 1
26 -38 -19 0 1 1
26 -38 -18 0 1 1
26 -38 18 0 1 -1
26 -38 19 0 1 -1
26 -38 20 0 1 -1
26 -37 -22 0 1 1
26 -37 -21 0 1 1
26 -37 -20 0 1 1
26 -37 20 0 1 -1
26 -37 21 0 1 -1
26 -37 22 0 1 -1
26 -36 -24 0 1 1
26 -36 -23 0 1 1
26 -36 -22 0 1 1
26 -36 22 0 1 -1
26 -36 23 0 1 -1
26 -36 24 0 1 -1
26 -35 -25 0 1 1
26 -35 -24 0 1 1
26 -35 24 0 1 -1
26 -35 25 0 1 -1
26 -34 -26 0 1 1
26 -34 -25 0 1 1
26 -34 25 0 1 -1
26 -34 26 0 1 -1
26 -33 -28 0 1 1
26 -33 -27 0 1 1
26 -33 -26 0 1 1
26 -33 26 0 1 -1
26 -33 27 0 1 -1
26 -33 28 0 1 -1
26 -32 -29 0 1 1
26 -32 -28 0 1 1
26 -32 28 0 1 -1
26 -32 29 0 1 -1
26 -31 -30 0 1 1
26 -31 -29 0 1 1
26 -31 29 0 1 -1
26 -31 30 0 1 -1
26 -30 -31 0 1 1
26 -30 -30 0 1 1
26 -30 30 0 1 -1
26 -30 31 0 1 -1
26 -29 -32 0 1 1
26 -29 -31 0 1 1
26 -29 31 0 1 -1
26 -29 32 0 1 -1
26 -28 -33 0 1 1
26 -28 -32 0 1 1
26 -28 32 0 1 -1
26 -28 33 0 1 -1
26 -27 -33 0 1 1
26 -27 33 0 1 -1
26 -26 -34 0 1 1
26 -26 -33 0 1 1
26 -26 33 0 1 -1
26 -26 34 0 1 -1
26 -25 -35 0 1 1
26 -25 -34 0 1 1
26 -25 34 0 1 -1
26 -25 35 0 1 -1
26 -24 -36 0 1 1
26 -24 -35 0 1 1
26 -24 35 0 1 -1
26 -24 36 0 1 -1
26 -23 -36 0 1 1
26 -23 36 0 1 -1
26 -22 -37 0 1 1
26 -22 -36 0 1 1
26 -22 36 0 1 -1
26 -22 37 0 1 -1
26 -21 -37 0 1 1
26 -21 37 0 1 -1
26 -20 -38 0 1 1
26 -20 -37 0 1 1
26 -20 37 0 1 -1
26 -20 38 0 1 -1
26 -19 -38 0 1 1
26 -19 38 0 1 -1
26 -18 -39 0 1 1
26 -18 -38 0 1 1
26 -18 38 0 1 -1
26 -18 39 0 1 -1
26 -17 -39 0 1 1
26 -17 39 0 1 -1
26 -16 -40 0 1 1
26 -16 -39 0 0 1
26 -16 39 0 0 -1
26 -16 40 0 1 -1
26 -15 -40 0 0 1
26 -15 40 0 0 -1
26 -14 -40 0 0 1
26 -14 40 0 0 -1
26 -13 -41 0 1 1
26 -13 -40 0 0 1
26 -13 40 0 0 -1
26 -13 41 0 1 -1
26 -12 -41 0 0 1
26 -12 41 0 0 -1
26 -11 -41 0 0 1
26 -11 41 0 0 -1
26 -10 -42 0 1 1
26 -10 -41 0 0 1
26 -10 41 0 0 -1
26 -10 42 0 1 -1
26 -9 -42 0 0 1
26 -9 42 0 0 -1
26 -8 -42 0 0 1
26 -8 42 0 0 -1
26 -7 -42 0 0 1
26 -7 42 0 0 -1
26 -6 -42 0 0 1
26 -6 42 0 0 -1
26 -5 -42 0 0 1
26 -5 42 0 0 -1
26 -4 -42 0 0 1
26 -4 42 0 0 -1
26 -3 -42 0 0 1
26 -3 42 0 0 -1
26 -2 -42 0 0 1
26 -2 42 0 0 -1
26 -1 -42 0 0 1
26 -1 42 0 0 -1
26 0 -42 0 0 1
26 0 42 0 0 -1
27 -42 -10 0 1 1
27 -42 -9 0 1 0
27 -42 -8 0 1 0
27 -42 -7 0 1 0
27 -42 -6 0 1 0
27 -42 -5 0 1 0
27 -42 -4 0 1 0
27 -42 -3 0 1 0
27 -42 -2 0 1 0
27 -42 -1 0 1 0
27 -42 0 0 1 0
27 -42 1 0 1 0
27 -42 2 0 1 0
27 -42 3 0 1 0
27 -42 4 0 1 0
27 -42 5 0 1 0
27 -42 6 0 1 0
27 -42 7 0 1 0
27 -42 8 0 1 0
27 -42 9 0 1 0
27 -42 10 0 1 -1
27 -41 -13 0 1 1
27 -41 -12 0 1 0
27 -41 -11 0 1 0
27 -41 -10 0 1 0
27 -41 10 0 1 0
27 -41 11 0 1 0
27 -41 12 0 1 0
27 -41 13 0 1 -1
27 -40 -16 0 1 1
27 -40 -15 0 1 0
27 -40 -14 0 1 0
27 -40 -13 0 1 0
27 -40 13 0 1 0
27 -40 14 0 1 0
27 -40 15 0 1 0
27 -40 16 0 1 -1
27 -39 -18 0 1 1
27 -39 -17 0 1 1
27 -39 -16 0 1 0
27 -39 16 0 1 0
27 -39 17 0 1 -1
27 -39 18 0 1 -1
27 -38 -20 0 1 1
27 -38 -19 0 1 1
27 -38 -18 0 1 1
27 -38 18 0 1 -1
27 -38 19 0 1 -1
27 -38 20 0 1 -1
27 -37 -22 0 1 1
27 -37 -21 0 1 1
27 -37 -20 0 1 1
27 -37 20 0 1 -1
27 -37 21 0 1 -1
27 -37 22 0 1 -1
27 -36 -24 0 1 1
27 -36 -23 0 1 1
27 -36 -22 0 1 1
27 -36 22 0 1 -1
27 -36 23 0 1 -1
27 -36 24 0 1 -1
27 -35 -25 0 1 1
27 -35 -24 0 1 1
27 -35 24 0 1 -1
27 -35 25 0 1 -1
27 -34 -26 0 1 1
27 -34 -25 0 1 1
27 -34 25 0 1 -1
27 -34 26 0 1 -1
27 -33 -28 0 1 1
27 -33 -27 0 1 1
27 -33 -26 0 1 1
27 -33 26 0 1 -1
27 -33 27 0 1 -1
27 -33 28 0 1 -1
27 -32 -29 0 1 1
27 -32 -28 0 1 1
27 -32 28 0 1 -1
27 -32 29 0 1 -1
27 -31 -30 0 1 1
27 -31 -29 0 1 1
27 -31 29 0 1 -1
27 -31 30 0 1 -1
27 -30 -31 0 1 1
27 -30 -30 0 1 1
27 -30 30 0 1 -1
27 -30 31 0 1 -1
27 -29 -32 0 1 1
27 -29 -31 0 1 1
27 -29 31 0 1 -1
27 -29 32 0 1 -1
27 -28 -33 0 1 1
27 -28 -32 0 1 1
27 -28 32 0 1 -1
27 -28 33 0 1 -1
27 -27 -33 0 1 1
27 -27 33 0 1 -1
27 -26 -34 0 1 1
27 -26 -33 0 1 1
27 -26 33 0 1 -1
27 -26 34 0 1 -1
27 -25 -35 0 1 1
27 -25 -34 0 1 1
27 -25 34 0 1 -1
27 -25 35 0 1 -1
27 -24 -36 0 1 1
27 -24 -35 0 1 1
27 -24 35 0 1 -1
27 -24 36 0 1 -1
27 -23 -36 0 1 1
27 -23 36 0 1 -1
27 -22 -37 0 1 1
27 -22 -36 0 1 1
27 -22 36 0 1 -1
27 -22 37 0 1 -1
27 -21 -37 0 1 1
27 -21 37 0 1 -1
27 -20 -38 0 1 1
27 -20 -37 0 1 1
27 -20 37 0 1 -1
27 -20 38 0 1 -1
27 -19 -38 0 1 1
27 -19 38 0 1 -1
27 -18 -39 0 1 1
27 -18 -38 0 1 1
27 -18 38 0 1 -1
27 -18 39 0 1 -1
27 -17 -39 0 1 1
27 -17 39 0 1 -1
27 -16 -40 0 1 1
27 -16 -39 0 0 1
27 -16 39 0 0 -1
27 -16 40 0 1 -1
27 -15 -40 0 0 1
27 -15 40 0 0 -1
27 -14 -40 0 0 1
27 -14 40 0 0 -1
27 -13 -41 0 1 1
27 -13 -40 0 0 1
27 -13 40 0 0 -1
27 -13 41 0 1 -1
27 -12 -41 0 0 1
27 -12 41 0 0 -1
27 -11 -41 0 0 1
27 -11 41 0 0 -1
27 -10 -42 0 1 1
27 -10 -41 0 0 1
27 -10 41 0 0 -1
27 -10 42 0 1 -1
27 -9 -42 0 0 1
27 -9 42 0 0 -1
27 -8 -42 0 0 1
27 -8 42 0 0 -1
27 -7 -42 0 0 1
27 -7 42 0 0 -1
27 -6 -42 0 0 1
27 -6 42 0 0 -1
27 -5 -42 0 0 1
27 -5 42 0 0 -1
27 -4 -42 0 0 1
27 -4 42 0 0 -1
27 -3 -42 0 0 1
27 -3 42 0 0 -1
27 -2 -42 0 0 1
27 -2 42 0 0 -1
27 -1 -42 0 0 1
27 -1 42 0 0 -1
27 0 -42 0 0 1
27 0 42 0 0 -1
28 -42 -10 0 1 1
28 -42 -9 0 1 0
28 -42 -8 0 1 0
28 -42 -7 0 1 0
28 -42 -6 0 1 0
28 -42 -5 0 1 0
28 -42 -4 0 1 0
28 -42 -3 0 1 0
28 -42 -2 0 1 0
28 -42 -1 0 1 0
28 -42 0 0 1 0
28 -42 1 0 1 0
28 -42 2 0 1 0
28 -42 3 0 1 0
28 -42 4 0 1 0
28 -42 5 0 1 0
28 -42 6 0 1 0
28 -42 7 0 1 0
28 -42 8 0 1 0
28 -42 9 0 1 0
28 -42 10 0 1 -1
28 -41 -13 0 1 1
28 -41 -12 0 1 0
28 -41 -11 0 1 0
28 -41 -10 0 1 0
28 -41 10 0 1 0
28 -41 11 0 1 0
28 -41 12 0 1 0
28 -41 13 0 1 -1
28 -40 -16 0 1 1
28 -40 -15 0 1 0
28 -40 -14 0 1 0
28 -40 -13 0 1 0
28 -40 13 0 1 0
28 -40 14 0 1 0
28 -40 15 0 1 0
28 -40 16 0 1 -1
28 -39 -18 0 1 1
28 -39 -17 0 1 1
28 -39 -16 0 1 0
28 -39 16 0 1 0
28 -39 17 0 1 -1
28 -39 18 0 1 -1
28 -38 -20 0 1 1
28 -38 -19 0 1 1
28 -38 -18 0 1 1
28 -38 18 0 1 -1
28 -38 19 0 1 -1
28 -38 20 0 1 -1
28 -37 -22 0 1 1
28 -37 -21 0 1 1
28 -37 -20 0 1 1
28 -37 20 0 1 -1
28 -37 21 0 1 -1
28 -37 22 0 1 -1
28 -36 -24 0 1 1
28 -36 -23 0 1 1
28 -36 -22 0 1 1
28 -36 22 0 1 -1
28 -36 23 0 1 -1
28 -36 24 0 1 -1
28 -35 -25 0 1 1
28 -35 -24 0 1 1
28 -35 24 0 1 -1
28 -35 25 0 1 -1
28 -34 -26 0 1 1
28 -34 -25 0 1 1
28 -34 25 0 1 -1
28 -34 26 0 1 -1
28 -33 -28 0 1 1
28 -33 -27 0 1 1
28 -33 -26 0 1 1
28 -33 26 0 1 -1
28 -33 27 0 1 -1
28 -33 28 0 1 -1
28 -32 -29 0 1 1
28 -32 -28 0 1 1
28 -32 28 0 1 -1
28 -32 29 0 1 -1
28 -31 -30 0 1 1
28 -31 -29 0 1 1
28 -31 29 0 1 -1
28 -31 30 0 1 -1
28 -30 -31 0 1 1
28 -30 -30 0 1 1
28 -30 30 0 1 -1
28 -30 31 0 1 -1
28 -29 -32 0 1 1
28 -29 -31 0 1 1
28 -29 31 0 1 -1
28 -29 32 0 1 -1
28 -28 -33 0 1 1
28 -28 -32 0 1 1
28 -28 32 0 1 -1
28 -28 33 0 1 -1
28 -27 -33 0 1 1
28 -27 33 0 1 -1
28 -26 -34 0 1 1
28 -26 -33 0 1 1
28 -26 33 0 1 -1
28 -26 34 0 1 -1
28 -25 -35 0 1 1
28 -25 -34 0 1 1
28 -25 34 0 1 -1
28 -25 35 0 1 -1
28 -24 -36 0 1 1
28 -24 -35 0 1 1
28 -24 35 0 1 -1
28 -24 36 0 1 -1
28 -23 -36 0 1 1
28 -23 36 0 1 -1
28 -22 -37 0 1 1
28 -22 -36 0 1 1
28 -22 36 0 1 -1
28 -22 37 0 1 -1
28 -21 -37 0 1 1
28 -21 37 0 1 -1
28 -20 -38 0 1 1
28 -20 -37 0 1 1
28 -20 37 0 1 -1
28 -20 38 0 1 -1
28 -19 -38 0 1 1
28 -19 38 0 1 -1
28 -18 -39 0 1 1
28 -18 -38 0 1 1
28 -18 38 0 1 -1
28 -18 39 0 1 -1
28 -17 -39 0 1 1
28 -17 39 0 1 -1
28 -16 -40 0 1 1
28 -16 -39 0 0 1
28 -16 39 0 0 -1
28 -16 40 0 1 -1
28 -15 -40 0 0 1
28 -15 40 0 0 -1
28 -14 -40 0 0 1
28 -14 40 0 0 -1
28 -13 -41 0 1 1
28 -13 -40 0 0 1
28 -13 40 0 0 -1
28 -13 41 0 1 -1
28 -12 -41 0 0 1
28 -12 41 0 0 -1
28 -11 -41 0 0 1
28 -11 41 0 0 -1
28 -10 -42 0 1 1
28 -10 -41 0 0 1
28 -10 41 0 0 -1
28 -10 42 0 1 -1
28 -9 -42 0 0 1
28 -9 42 0 0 -1
28 -8 -42 0 0 1
28 -8 42 0 0 -1
28 -7 -42 0 0 1
28 -7 42 0 0 -1
28 -6 -42 0 0 1
28 -6 42 0 0 -1
28 -5 -42 0 0 1
28 -5 42 0 0 -1
28 -4 -42 0 0 1
28 -4 42 0 0 -1
28 -3 -42 0 0 1
28 -3 42 0 0 -1
28 -2 -42 0 0 1
28 -2 42 0 0 -1
28 -1 -42 0 0 1
28 -1 42 0 0 -1
28 0 -42 0 0 1
28 0 42 0 0 -1
